 0.006657164114226497	 0.11023201162907895	-0.9938835876389965
-0.06191887816084511	 0.20651043024313107	-0.9764832280833602
-0.129028013481287	 0.297151437933104	-0.94607229886059
-0.191338617661711	 0.383017371362661	-0.903707489526198
-0.248296218752665	 0.462942281888013	-0.850901540363777
-0.3014057810538641	 0.5364571248607443	-0.7882691851984663
-0.24322998569947116	 0.6314403150635984	-0.7362895507672365
-0.4002315267669787	 0.6621032394145756	-0.6335882143304895
-0.039531927323478294	 0.007316892853219808	-0.9991915180790247
-0.10821360972537	 0.104378947306182	-0.988632818608334
-0.17736571082766409	 0.19512882237725307	-0.9646067319380804
-0.24335091632681705	 0.28228733709444503	-0.9279516101818163
-0.304955601093026	 0.36436885285375	-0.879907620396615
-0.3612592031777282	 0.4415895235740682	-0.8212736942024993
-0.4129567956302	 0.513823027096053	-0.751965811569041
-0.35078724486320795	 0.6034795975413909	-0.7160730997548789
-0.45932929519453186	 0.5827432361057239	-0.6703931080710208
-0.15388525389123	 0.00190747903403797	-0.988086883911818
-0.22417464707933896	 0.09199128499856608	-0.9701975732247358
-0.29183057040922	 0.179889049896514	-0.939401324196405
-0.3565070939216809	 0.26254711712227896	-0.8966446917672007
-0.4157883025815589	 0.34129965438498694	-0.8429914788140118
-0.4692230963567832	 0.4159527584557752	-0.7789820207029073
-0.1984367811593151	-0.10106522668110804	-0.9748890520664525
-0.26885383903058313	-0.012674264510251906	-0.9630975943577275
-0.33727792538805207	 0.07633355523422611	-0.9383052751590152
-0.4042731661088081	 0.15913998713786004	-0.9006873329064432
-0.2436985786936089	-0.20682878877016792	-0.9475404238757206
-0.30803179717592394	-0.12272789205109297	-0.9434268792234328
-0.081427164165909	-0.285810010930198	-0.954820535277692
-0.13982635544465893	-0.2011216465065459	-0.9695352874596985
 0.034790812255288614	-0.2891451952388311	-0.9566528395676854
-0.02273898823184719	-0.19057142289706192	-0.9814099404373186
 0.0886106343718933	-0.387118948513655	-0.917761992663617
 0.028352209130508992	-0.09007119088477909	-0.9955316834787418
 0.09106666383192527	-0.1906940193750639	-0.9774163154526866
 0.1474515958598099	-0.2895255785250769	-0.9457446622942766
 0.19816315068952195	-0.3854609449479189	-0.9011943328875628
 0.07544977565444513	 0.011707120492943205	-0.9970808767013124
 0.141725952464806	-0.0894861070445796	-0.985852925665867
 0.20314335214066506	-0.18871713830451606	-0.9607906224517432
 0.2577905165728299	-0.28531639117547797	-0.9231135393285678
 0.30574772377940906	-0.3785279765900621	-0.8736331611965882
 0.3457281181391132	-0.46721027994398123	-0.8137485008543204
 0.188676836932634	 0.0122052546692304	-0.981963381681596
 0.25386338140924497	-0.08613134576111499	-0.9633975165303488
 0.313088513082689	-0.182578527180773	-0.932008940079531
 0.3653454887762859	-0.27616976415351696	-0.8889617175099318
 0.410287521454465	-0.366529149803026	-0.83505720288099
 0.448323221522202	-0.45246245625594	-0.770898187001887
 0.23321712799850206	 0.11289592994545802	-0.9658489945171972
 0.30096662998584006	 0.016344488198961504	-0.9534945963876672
 0.363650909989114	-0.0791604554694932	-0.928165738407722
 0.420200976178623	-0.172333483058687	-0.890916556269662
 0.469327686536417	-0.263091029937728	-0.842920300275584
 0.510832012803707	-0.351036823627444	-0.784744419000523
 0.546218845027121	-0.434670215948495	-0.716035457714579
 0.5859072366575779	-0.5074459904496599	-0.6318316839228979
 0.27518851403569694	 0.21154756620032394	-0.9378266945323878
 0.34517032342527104	 0.11759198684734903	-0.9311442275264272
 0.41023480033676096	 0.023368493925148493	-0.9116804934209838
 0.4702103154456409	-0.06879512491484259	-0.8798690186820208
 0.523295933446592	-0.159209471073035	-0.837146170246812
 0.5685158768509352	-0.24797136218956112	-0.7844105438494984
 0.6059600140349669	-0.3344822567389089	-0.7217576333628828
 0.6370423627946682	-0.4183347675316131	-0.6474357499236952
 0.4527680223330049	 0.12438658732025397	-0.8829094488380338
 0.5154520924685202	 0.033606330362829416	-0.8562591634133724
 0.5718144676377572	-0.05560083978948973	-0.8184966470394683
 0.620468649095457	-0.143664217641301	-0.770959952305677
 0.6609180970536069	-0.22992150841271394	-0.7143692105321039
 0.385959773150741	 0.217345757686592	-0.8965466385666
 0.489353065607979	 0.224451548337918	-0.842706995122732
 0.554987423512457	 0.134292276535927	-0.820947345574491
 0.614798927303742	 0.0455547197248258	-0.787367161175116
 0.4218911342456821	 0.31733377348546105	-0.8492980319360042
 0.50926434193663	 0.330526044765535	-0.794608308390683
-0.2194609004951289	-0.30843434209346887	-0.9255836913922135
-0.13462529012868502	-0.36949238832580306	-0.9194299354638512
-0.2146201769527601	-0.4289404060270042	-0.8774669838359475
-0.09778771162257123	-0.4664315642822011	-0.8791354612896012
-0.178941700838128	-0.528217287051726	-0.830039978170252
-0.25683688325599313	-0.5834356915228093	-0.7704788181751974
 0.017042062590966807	-0.4786697031883862	-0.8778296436964225
-0.06031674566505244	-0.5566795231345273	-0.8285347299390006
-0.140334448494682	-0.617821733314992	-0.77369409226732
-0.21746372095501712	-0.6703702068402462	-0.7094457807678922
 0.12925470225573607	-0.4806682984321543	-0.8673241659420765
 0.0558620561628296	-0.566817699391062	-0.821947155441446
-0.0207957368832016	-0.64006701580671	-0.768037598431078
-0.09853993131788807	-0.6989080702657319	-0.7083907052279109
-0.174297720634467	-0.747951484289507	-0.640459898612515
-0.2479995977647019	-0.7876247735450836	-0.5640420335459068
 0.168955698692661	-0.567156820266703	-0.806093737169715
 0.09581285901732592	-0.6477300581628622	-0.7558211877152301
 0.021353931574435707	-0.7159834542185373	-0.6977905867032073
-0.0540687089159687	-0.771294778521161	-0.634177372146116
-0.12812557135547797	-0.8161670145513078	-0.5634316660636299
 0.278780506783942	-0.560981919723085	-0.779474640242446
 0.20834367201873502	-0.6461991822978322	-0.7341794951695142
 0.1374662411582799	-0.7209948861937966	-0.6791681725642096
 0.0647995574973846	-0.783933414888416	-0.617453980770656
-0.008226714388228331	-0.8348539495580842	-0.5504100326825832
-0.08051916569618175	-0.8749326363245596	-0.47750345113909576
-0.20079201372298713	-0.8508736485542215	-0.4854859435875513
-0.219753874253237	-0.924561127146202	-0.311279547867889
 0.3847028877220227	-0.5485978906375917	-0.7423234083378496
 0.3162085857275668	-0.6377969371245517	-0.7023013578989526
 0.248269561009745	-0.717409575350031	-0.650911458089437
 0.17773561039438812	-0.7865389328351715	-0.5914106525353124
 0.106016073265066	-0.844261331437586	-0.525341219064991
 0.032950112303257284	-0.8904319697361256	-0.45392201683884675
-0.04117602802574161	-0.9254460368672682	-0.3766353243691971
-0.151870209041121	-0.904352701696331	-0.398850386160467
-0.118646681404906	-0.948749731606503	-0.292911098745321
 0.41936579606643587	-0.6222220754922559	-0.6610385902953579
 0.35467915807349115	-0.7055116484259754	-0.6135601101469542
 0.286220815121946	-0.779214562420652	-0.557586146440638
 0.21692071275680208	-0.8421421886073933	-0.4937022772325752
 0.14529313459463705	-0.8937394662132354	-0.42440507957910417
 0.07157830238562703	-0.9338719785893435	-0.3503707668074162
 0.5178246011482989	-0.5990656563028068	-0.6107192660167949
 0.456973270537603	-0.684807894870614	-0.567638597293247
 0.3900514286170933	-0.7626866823845205	-0.5159156011859484
 0.323264418305023	-0.830002642892515	-0.454528028452983
 0.613567518328272	-0.567790671773689	-0.548770128103989
 0.5575709344187751	-0.6511374530333761	-0.5149122938409821
 0.686966270155847	-0.491475611382781	-0.535284099412719
 0.7127666239658911	-0.39892814151365213	-0.5769056055098871
 0.772775726130899	-0.406667035828913	-0.487277743256336
 0.771356198953612	-0.306289068395992	-0.557849998581116
 0.8310507642506558	-0.31007353665845494	-0.46174563246718286
 0.880048814249539	-0.309186852917211	-0.360440805849076
 0.747292849849897	-0.217636902286937	-0.62784359145106
 0.8199851519182375	-0.21099971699827214	-0.5320746846639803
 0.876596032497705	-0.211299988840875	-0.432355999756137
 0.9212481914445122	-0.20869094740829305	-0.32825273529712506
 0.7115523597317323	-0.13089722202787707	-0.6903326420107833
 0.7916751839151154	-0.11963297010138206	-0.5991146431507832
 0.858237892843209	-0.112336760293667	-0.50080751948705
 0.9103304730456885	-0.10960053138791706	-0.39910669421083317
 0.9501060446423596	-0.10574631091334596	-0.2934556553591509
 0.9778410932234117	-0.10041896345673697	-0.18369221045519998
 0.752188394288789	-0.0302733366012441	-0.658252341118724
 0.8254954815718457	-0.018910027944515594	-0.5640918548850038
 0.885462635063458	-0.0102476035065864	-0.464597576972641
 0.9322656250697572	-0.0054504780193008005	-0.36173346071749607
 0.96681231802831	-8.75959904156423E-4	-0.255486153055253
 0.7038867902456711	 0.05926235746563181	-0.7078356867983291
 0.782341968800248	 0.0721646136834125	-0.618654436972431
 0.848114719661077	 0.0848951812288062	-0.522966758502241
 0.9014944972715963	 0.09425689053384333	-0.4224018347213031
 0.9424348957718248	 0.10048808642743497	-0.31893355376583093
 0.971437055810829	 0.105198513011264	-0.212704770651265
 0.9893092036717033	 0.0036566397510415308	-0.14578727144779002
 0.9933633560580373	 0.11470778694652903	 0.008447866887148091
 0.6473151611877009	 0.14854234258829896	-0.7476083563971989
 0.7306787515736921	 0.16197353212894802	-0.6632293245087881
 0.801166863983531	 0.177191914491138	-0.57160710413164
 0.8601710866331892	 0.18983634224076207	-0.47335807258874013
 0.9070472957738955	 0.1996857416553919	-0.3706626603918978
 0.942179415249327	 0.205926589161072	-0.264371309632727
 0.9656314902245212	 0.20921684212171904	-0.15422106879212702
 0.9886435402338308	 0.10856259958625297	-0.10391396597663297
 0.9773842202664608	 0.20795580585333895	-0.038398812299483394
 0.6705778596077798	 0.24990508546704596	-0.6984789062395208
 0.7447994632590029	 0.26715209694872794	-0.6114765053744899
 0.8085276299629672	 0.2816012913817211	-0.5167047360713991
 0.8600690891305348	 0.29449143366868397	-0.4166004769775659
 0.900329107168495	 0.303206978433707	-0.312206705588273
 0.92937497037901	 0.307507226012651	-0.204209378783196
 0.6018030491017851	 0.33560455373146203	-0.7247086818898341
 0.6786966642920079	 0.35447263236797094	-0.6432106892620979
 0.7472364053726899	 0.36977959705446295	-0.5521782357970478
 0.8028177941715472	 0.3852341564040751	-0.4550584952521731
 0.5223151509282092	 0.4215715980445722	-0.7412585721817913
 0.5991629757660588	 0.4380237991592208	-0.6701782448284067
 0.5895764159010622	 0.5249764108989062	-0.6138398959117602
 0.505874325808315	 0.58654781551794	-0.632497293748452
 0.5668795981924354	 0.6190200042574224	-0.5435639387250814
 0.5217128947217371	 0.7031109290406781	-0.4831673384497551
 0.6545566374373482	 0.5486121871916761	-0.5201733138594071
 0.7346700532938243	 0.47083554770209124	-0.48844017014709323
 0.6221647733718562	 0.6401950589129342	-0.4506232143583061
 0.7079767416041309	 0.5659197347480249	-0.4224970853986129
 0.783680867410718	 0.484474219963533	-0.388753171363413
 0.4694316543413272	 0.7773683494169583	-0.41872708442029216
 0.574445337448355	 0.721785963327892	-0.386053853013634
 0.6698613960419569	 0.6536496462095008	-0.35217587950186896
 0.7520050898881337	 0.5763217323388719	-0.31990874576394696
 0.8226718093953632	 0.4925961621424361	-0.2838311383000501
 0.8816483108678462	 0.40266036044619913	-0.24609122306415304
 0.5193809217491743	 0.7930862064289793	-0.31821019357504615
 0.6198228477982801	 0.7314265031692231	-0.2843148040621041
 0.7096712435801114	 0.6593520347424583	-0.2482370244674201
 0.7863288267496892	 0.5802998185323451	-0.21198843561332506
 0.851364999759776	 0.494799224955821	-0.174216429096557
 0.905068926612388	 0.40307197233603	-0.135584745446686
 0.4584063597711437	 0.8540124958992994	-0.24602086531271683
 0.5626022460480409	 0.7985521441232197	-0.21399342480064296
 0.6576746873862366	 0.7320368105301536	-0.17772482550351915
 0.7402082546024993	 0.6580292331087443	-0.13816391783906407
 0.81081837444131	 0.576800310455997	-0.0993728611151829
 0.8704990572389377	 0.48838990800951343	-0.060882584542544554
 0.9192888907823912	 0.3929713533371601	-0.021941985790762005
 0.9568291866227537	 0.2897782303080079	 0.022505218648101698
 0.39212709128639606	 0.9042361912787302	-0.16909540106403206
 0.499409051408933	 0.854914529604689	-0.140398527206033
 0.598833200231139	 0.793869234189308	-0.105690289566329
 0.6851643859227025	 0.7255081829767055	-0.06471198263849964
 0.7601520593791252	 0.6493237075575541	-0.023400201396295804
 0.824599656348731	 0.565494545052034	 0.0158532730358117
 0.8785236632051078	 0.47467387128119287	 0.05367391462902949
 0.9217653555412945	 0.37703133190445415	 0.09053178494973274
 0.954718995119873	 0.269298609866282	 0.12645117271654
 0.43071566492561386	 0.9002539299187168	-0.06345768396019949
 0.534521894667508	 0.844558738090063	-0.0317314045824997
 0.6236505313923771	 0.7816394003761782	 0.009993121312904231
 0.701823165880422	 0.710374739343576	 0.0530280448077067
 0.7705505154636707	 0.6303930073053836	 0.09410929528556806
 0.8296270539315752	 0.5422846803940271	 0.13283928934906003
 0.355620800927731	 0.934464807305346	 0.0175889128516166
 0.4646617148475929	 0.8844258156599928	 0.043364355743525686
 0.5555871331976252	 0.8270478055191364	 0.08552698294237294
 0.6356394770145901	 0.7610346184516952	 0.12957146591245003
 0.2898607248712441	 0.9483780184433804	 0.12868525288673904
 0.38821376448809913	 0.9139022540159192	 0.11862859337698103
 0.905421182717405	 0.303505054058226	 0.296811664271688
 0.9197396261981384	 0.3378782474382382	 0.19979316782356007
 0.850790684952799	 0.361133616438787	 0.381756102080098
 0.8685237996657562	 0.4106837539264151	 0.27749822283226505
 0.823202968011279	 0.302215620449596	 0.480627290333879
 0.823586851823194	 0.510523955646362	 0.247123427086854
 0.8093423063434974	 0.46595467290099024	 0.3575629650345792
 0.7866301628388386	 0.41179793825000527	 0.46003852552279534
 0.755334656722713	 0.349490666289421	 0.554369759754406
 0.769993117796838	 0.6021698631235	 0.210955100652556
 0.759774731031347	 0.562870036646312	 0.325453037982478
 0.7400860685917369	 0.5146842108838519	 0.43286576919790487
 0.71265041534013	 0.457766164304145	 0.531582095573027
 0.677852767977871	 0.393106523185345	 0.621275209849764
 0.637108143553104	 0.321585720688065	 0.70048257484955
 0.701857869068956	 0.651350125822153	 0.288337554296089
 0.685319347627655	 0.609284179883522	 0.398886174128497
 0.6606980980465142	 0.5582908953511452	 0.5017861092195912
 0.6291348569943463	 0.4991461703283292	 0.5958543717732262
 0.59133473149406	 0.432368933723263	 0.6807204569277
 0.5472150684828612	 0.35928782064999215	 0.7559549793194543
 0.6354979067009442	 0.7311317685863842	 0.2481708031627901
 0.6221937027341261	 0.6950023990387182	 0.3603424227154281
 0.600505060554854	 0.649759951183178	 0.466053299619738
 0.5714146619982329	 0.5962972837600399	 0.5638393684675129
 0.5364845016530208	 0.5346717078445318	 0.6529246084478066
 0.4961504954352182	 0.46535980695513324	 0.7329904064515912
 0.4489178448165151	 0.38991293058279713	 0.8040153451083072
 0.38358983886070314	 0.31513997441336306	 0.8680700617171202
 0.5613537095690089	 0.8016286350675058	 0.20560531168459795
 0.5507553178480871	 0.7715008346568363	 0.3185200809774131
 0.532266091448912	 0.731577905060168	 0.426012413811469
 0.50559819596114	 0.683546178728761	 0.526436212457074
 0.472902001238362	 0.627091529522357	 0.618966809147359
 0.435418247413544	 0.562157927307825	 0.703128305918833
 0.392994007515725	 0.489237852919357	 0.778589772169907
 0.34338267743197104	 0.4083374054886401	 0.8457830100672732
 0.45649992128623623	 0.8034980176175234	 0.3820978376677502
 0.43226584371721816	 0.7606262411327424	 0.4843490081085302
 0.4016155358611021	 0.7093910583985041	 0.5791971060176752
 0.36645260647320577	 0.6495551131636456	 0.6661761344959436
 0.3274005859040748	 0.5817046238708177	 0.7445996151738056
 0.471502775840013	 0.838456207027327	 0.273269685974333
 0.37466089391085405	 0.8654037883849512	 0.3327243568224221
 0.352759111052205	 0.827161826287684	 0.437452080463771
 0.323666951119687	 0.780314064398775	 0.535116497273585
 0.3842798419101739	 0.8960494397974698	 0.22231600153864894
 0.292730621725896	 0.91842131081514	 0.266103511710332
 0.2700977295490841	 0.07916341582320524	 0.9595730144640544
 0.1757102063367421	 0.12324204979813205	 0.9766971488392164
 0.17514762340420809	 0.010884114757692505	 0.9844820191663225
 0.07281167153838028	-0.035339981199954094	 0.9967193919135787
 0.27665948831348197	-0.03707336925356059	 0.9602526192717787
 0.37497433507415723	-0.08628330443167506	 0.9230110722044697
 0.17639373301905206	-0.09918182857935576	 0.9793100713416865
 0.277661334294474	-0.149175417268219	 0.949026279046405
 0.37450920161726997	-0.19691092462642595	 0.9060733666027058
-0.029658684400936514	-0.07892650490380874	 0.9964391447867125
 0.07261118850591532	-0.14694432993999604	 0.9864760408657902
 0.17543032286986007	-0.20806719766373208	 0.9622537311302765
 0.274794301981195	-0.258868683718744	 0.925999511980645
 0.36875762167149506	-0.30539781815231504	 0.8779236806961003
 0.4576422428250001	-0.34581783094000507	 0.8191297854345512
-0.030973911397542294	-0.19120915328782195	 0.9810604856540148
 0.07143913412957781	-0.25645421015311604	 0.9639126974003183
 0.172064316871861	-0.315598465921917	 0.933162086224656
 0.267412340238555	-0.366450955121868	 0.891181428093298
 0.35791956868961805	-0.4110594679717371	 0.8384054485389693
 0.44384127815437	-0.44907781762831	 0.775457306059134
-0.13356121995163595	-0.2335793017844369	 0.9631210257817685
-0.03178453369182491	-0.3006719751797621	 0.9531978319108232
 0.0691061178946024	-0.363968428873322	 0.928844081239162
 0.16465265508154603	-0.4217616409063661	 0.8916314381147442
 0.256258055391852	-0.471083622046462	 0.844045040318568
 0.34449125613243214	-0.5128425832210772	 0.7863321558243893
 0.4290636869347209	-0.5477182149527688	 0.7182681320808659
 0.508794815760466	-0.5795140975597	 0.636624886557885
-0.23461192663124805	-0.27461159621017406	 0.9324943512479172
-0.13351493225622496	-0.34198781793364297	 0.9301710032298368
-0.03245327259462089	-0.4075225093343299	 0.9126183153343738
 0.0619256721204812	-0.469764508847177	 0.880617123022257
 0.15285779268561503	-0.5246025053402301	 0.8375122128100793
 0.24147825590320995	-0.5705207361677229	 0.7849804720683078
 0.3272163811693001	-0.6081964189952012	 0.7232057492967551
 0.4097199855755851	-0.6379749865024741	 0.6520103143487151
 0.4913188624723439	-0.6593136052599249	 0.5691320982847848
-0.23326527552806306	-0.38064398541360206	 0.8948170022978252
-0.13154169165750804	-0.4472325716550601	 0.8846919295476152
-0.038744354926161406	-0.5128066973686021	 0.8576293873785242
 0.0509450642220189	-0.571859487809567	 0.818768176368375
 0.13976342913416706	-0.6223915385967094	 0.7701265847637513
 0.22730093884357394	-0.6641076171140479	 0.7122466960905689
-0.331836044053951	-0.416777662092835	 0.846274908198899
-0.22819961413225612	-0.4824838508532922	 0.8456561179200843
-0.13768967712223604	-0.5506438265751131	 0.8233060968246813
-0.050203755477837717	-0.6127283367242061	 0.7886973870320032
-0.41920302068473814	-0.4777350735719971	 0.7720349907406722
-0.323186130791294	-0.512043939806392	 0.795840265739112
 0.9565807611336637	 0.20247235930166896	 0.20966208800771893
 0.9288638443944932	 0.20179573311617804	 0.31062910467756705
 0.952596088079332	 0.0988037727760464	 0.287747297921584
 0.9081649607809162	 0.13418303842355703	 0.3965240424100651
 0.9273955437317998	 0.025087432523895992	 0.37324003830746594
 0.934468716931777	-0.083878271732411	 0.346024063624284
 0.8544375739479235	 0.18350177029263212	 0.48606947294132435
 0.8766909669728835	 0.06554239418306965	 0.4765680885171623
 0.8904908327573918	-0.045760351780568795	 0.4526942312201089
 0.8925447871306065	-0.15519726013359406	 0.42341187207376024
 0.791328745054121	 0.233099527763566	 0.565210958322176
 0.8173515488777185	 0.11397826207296607	 0.5647525133383834
 0.8340256759137064	-0.0030694694217605614	 0.5517170926064863
 0.8420828259224732	-0.11438969446249103	 0.5270782788990641
 0.8393766067029352	-0.22288152773562506	 0.4957526971324511
 0.8258407631782213	-0.3289043735356902	 0.4580490660860562
 0.748944211450191	 0.162129665615581	 0.642492443272784
 0.7691272990961943	 0.044071605045116403	 0.6375742242388261
 0.7798135398955888	-0.07087638233230989	 0.6219866408718079
 0.7824047822311163	-0.1809129705587701	 0.5959137973108872
 0.775274417723518	-0.287370803197173	 0.562465642233614
 0.6713625754976027	 0.20690588797354992	 0.7116616090130916
 0.6957079716165022	 0.08993896856685223	 0.7126720144374852
 0.7091247938663617	-0.025816158915523284	 0.7046102132830878
 0.7142795282177503	-0.13841625726294204	 0.6860362201038274
 0.711535464851285	-0.246266109665531	 0.658080759093495
 0.7002877503927749	-0.34988351299459297	 0.6222367668214319
 0.7584405739334346	-0.39045499447825527	 0.5218359829472363
 0.6490591177678989	-0.5457162721032068	 0.5300151054490199
 0.5852030834962201	 0.24791610571290307	 0.7720589068164841
 0.6141205260735849	 0.13225465499026598	 0.7780518528276308
 0.6305366170373468	 0.016837971337238196	 0.7759768406958709
 0.638369746143007	-0.0975206780903122	 0.763527199616437
 0.6378932232317294	-0.20864014442172107	 0.7413241705830983
 0.6301321469150345	-0.3158265178180392	 0.7093568129419644
 0.6146478105691388	-0.4194837895912448	 0.6680130382206116
 0.6805857812583757	-0.4492191704438498	 0.5787962778514267
 0.5919277623848811	-0.5207214476250012	 0.6151997221239222
 0.5249843360172213	 0.1716709386315121	 0.8336189391838054
 0.5441261339365903	 0.05766326772247373	 0.8370195325814004
 0.5552301957973312	-0.05668613552460373	 0.8297626839730403
 0.5569615620810132	-0.16878626411958808	 0.8132066252858683
 0.5519081363753231	-0.27763077044023804	 0.7863323497780552
 0.5404597616641712	-0.3826324218077032	 0.7493301514042253
 0.4284343113963051	 0.20864455779776106	 0.8791538484928282
 0.450029399543656	 0.0974175738409879	 0.88768426585882
 0.4651345217942052	-0.016529736355012706	 0.8850856706846575
 0.469026024064523	-0.128852398739098	 0.873734312070555
 0.32123572236677905	 0.24309617904111105	 0.9152660041819022
 0.3471965866721449	 0.14104683915990196	 0.9271247593318888
-0.343565468684392	-0.5913062155021	 0.72960244533325
-0.4363782720275769	-0.5854719669457998	 0.6832251309947859
-0.25805060074349895	-0.6647547576906049	 0.7010784546565559
-0.36192411184320084	-0.6701809067945766	 0.6479725992929867
-0.150799712889485	-0.646642870714494	 0.74773821912924
-0.3828907839616031	-0.7362631077361611	 0.5579527612118781
-0.2771880524651419	-0.7385417331363647	 0.6145916465316758
-0.17089019627088597	-0.7272003814244619	 0.6648128654550959
-0.06439504813445818	-0.7034128552768727	 0.7078584836017706
-0.401741623315853	-0.790800493634597	 0.461777270296862
-0.2962643817193429	-0.8002954170670926	 0.5213009318482598
-0.189083491315788	-0.79692600871563	 0.573721509048082
-0.08248700988424174	-0.7805567681108453	 0.6196184511106082
 0.022827247283059595	-0.7520180705353308	 0.6587470974279859
 0.12470169058549395	-0.7118099925621448	 0.6912134423271867
-0.31271908985196395	-0.8506799177107618	 0.42255230261562987
-0.206190753810137	-0.854709742741361	 0.476399652294378
-0.0991813714517046	-0.845918391072191	 0.524008712907328
 0.006551825679871538	-0.8247659807437898	 0.5654362480315489
 0.110200447474073	-0.791718526449291	 0.600864074690339
 0.21117420980924395	-0.7477599720421999	 0.6294922376986789
-0.3248882080636191	-0.8902363615090252	 0.31925988302381914
-0.22022089730037905	-0.9009062053442052	 0.3739930020261351
-0.11391704066233098	-0.8990064785269328	 0.4228596214032979
-0.00789384314460606	-0.884951341560541	 0.465616591532784
 0.0963366889137324	-0.85882371704937	 0.503131260609637
 0.1981689628345881	-0.8210132631570564	 0.5354122560133132
 0.2980852484787209	-0.7725527086927618	 0.5606313378066339
 0.40254213767449526	-0.7178228057665834	 0.5680583129554904
-0.33249520152625023	-0.9188575554955327	 0.21247996063345015
-0.230103579982961	-0.935749292966707	 0.26725568879134
-0.12537772415035098	-0.9399996258523518	 0.3173028989535349
-0.019838082508222703	-0.9323686248509492	 0.3609642612170171
 0.08471488871575214	-0.9127214009035024	 0.39970368019650016
 0.18721440318173	-0.881091027590583	 0.434314826296178
 0.28737432859227496	-0.8377450912128459	 0.4643265633311539
 0.38680607646605486	-0.7823643145637407	 0.4881466362745368
-0.13345660800234	-0.968971520326143	 0.208046933592767
-0.028990248796647987	-0.9671973795523926	 0.2523663893264979
 0.07508475870257039	-0.9535727649057898	 0.29165263763680294
 0.177375236624144	-0.928121775117244	 0.3273041337743
 0.27685290820662023	-0.8912233116877157	 0.35926797230189833
-0.2361673123080599	-0.9590028387847116	 0.1566478719933719
-0.140208898787272	-0.985497879249743	 0.0955792587077334
-0.036124704700346816	-0.9893524735012155	 0.14098471153759806
 0.06832954726833149	-0.9811076763459938	 0.18099392361366598
-0.24017137067723607	-0.9698665789779102	 0.04094547213921411
-0.158630038787329	-0.987112079213664	-0.0211247216504298
-0.17192909159437603	-0.9770009796522372	-0.12613276030477402
-0.0923238480581884	-0.976234238784558	-0.196068911621561
-0.0622723599096845	-0.994394812953055	-0.0854465280941113
 0.02082999221404641	-0.9864835907714344	-0.16253072498164708
 0.04382098659805142	-0.9979429005945994	-0.046794105252806924
 0.05690800007314849	-0.9960975272759148	 0.06746255022220018
 0.103993631882283	-0.965416434231562	-0.239074116214091
 0.12830074553995702	-0.9838870248006362	-0.12452004305670503
 0.14882508755023108	-0.9888282501956704	-0.008353737524882544
 0.162081398338532	-0.981093670328031	 0.105758358321692
 0.18039682904074997	-0.9317365955701338	-0.31515694589746795
 0.21009288744674295	-0.9568239344389098	-0.20087044862083395
 0.23371965749955412	-0.9685238172556014	-0.08565475530832894
 0.25286743544896395	-0.9670551688203608	 0.029365976014557392
 0.26579884013020494	-0.9535560178177608	 0.14171061170206098
 0.27356036654555405	-0.9283245738698672	 0.2517502957392341
 0.286224698749798	-0.917792713350205	-0.275194398829002
 0.3145736151032811	-0.9354924573911882	-0.16092638952343602
 0.33744787923997394	-0.9401907635737288	-0.04658601600365749
 0.35587971941021485	-0.9322297673423715	 0.06555368939498817
 0.3673252781011991	-0.9134346188975943	 0.17524079738258302
 0.3725236050627652	-0.8839785536940425	 0.2825032394151082
 0.358231738657407	-0.867522734315326	-0.345071480804415
 0.3900463859213501	-0.8908983636767293	-0.23273143841737307
 0.416944632063702	-0.901142892814767	-0.118737780519502
 0.4400495204644513	-0.8979436969641016	-0.007316872381574835
 0.45646508677418424	-0.8838457090421564	 0.10225647736942804
 0.4653190864722693	-0.8599641332393816	 0.20961831338519113
 0.4673613887598631	-0.8262873962769991	 0.3143604158449811
 0.46382227384834424	-0.7819943295781583	 0.41635773895744815
 0.4259769777028991	-0.8065093964967732	-0.4099831799348781
 0.4604523391751818	-0.8354233842818126	-0.3000856750050329
 0.4903089409081589	-0.8514047699197238	-0.18629830977081296
 0.5181485841170087	-0.8519941447394884	-0.07502014467572585
 0.538951961821283	-0.841593915039293	 0.0353619147929749
 0.5517647764404902	-0.8213061601357122	 0.14495455426687304
 0.556214272448682	-0.791431372707321	 0.253499635934628
 0.552014680402505	-0.751220143870019	 0.361867500701608
 0.51153559172081	-0.713203593086397	 0.479241038738852
 0.525617935388837	-0.769066536499054	-0.363679045911262
 0.5570116887288248	-0.7917740409648346	-0.2506628147007039
 0.5889669959895291	-0.7957942409447142	-0.14081691558295303
 0.613679460887717	-0.788946680777166	-0.0309944216796173
 0.629985253232474	-0.772574570324169	 0.0790386867175892
 0.6372219255998124	-0.7470999699638824	 0.18918206155667414
 0.6169770666638584	-0.7225284600842254	-0.31191653303276323
 0.6525928962790081	-0.7294650171030371	-0.20494706767612406
 0.6807392075887134	-0.7260401164814234	-0.09726191706486018
 0.5871733550418059	-0.6900935465712029	-0.4230819638199299
 0.6680311969411898	-0.6434525632672878	-0.37376880385885397
 0.6699683214371315	-0.5830841202048993	-0.45951643826482536
 0.7494642387836479	-0.4991839192256389	-0.43487787891657387
 0.743097034560517	-0.569146448721091	-0.351964653247363
 0.8102846217105408	-0.4894382689811709	-0.32231818545673296
 0.78273951607471	-0.573072640443861	-0.242706816446984
 0.7389760974322049	-0.6533049441587369	-0.16464196719432797
 0.8710441577658137	-0.39958692279639885	-0.2856787817674759
 0.8477103663940906	-0.48669757819925236	-0.21098009878417315
 0.8118101928753223	-0.5686019911269712	-0.13287583087294605
 0.7622704391076438	-0.6447401618420219	-0.057042978275712586
 0.918829516916449	-0.303060872010916	-0.252797204689981
 0.9023655885500894	-0.39366496708539317	-0.1753973725296571
 0.872947625577327	-0.477727335504352	-0.0986865538501541
 0.830964406953656	-0.555891564380914	-0.0219709587023224
 0.7764656853231567	-0.6280246683111659	 0.05182716959559579
 0.7109549721452982	-0.6928811278276602	 0.12024462683275305
 0.9448093150561544	-0.2956200672149971	-0.14122370212864804
 0.9224926793142082	-0.3809295185276621	-0.062449647925166316
 0.8872757301706968	-0.4610181649792639	 0.014283914351779496
 0.8397777842691048	-0.5355134653642108	 0.08943490069143749
 0.7806358868257698	-0.6038194942574839	 0.16127501528252997
 0.7110369928162412	-0.6647228218854452	 0.2292814098689371
 0.9750972729584104	-0.19464116198477108	-0.10630205233338404
 0.9596980045800142	-0.27977502497010703	-0.026564551720577506
 0.931177205172893	-0.360915542003398	 0.051468282531995
 0.8900840455482227	-0.4376533627892449	 0.12731820725950896
 0.837202016212291	-0.508680858909409	 0.200839657013403
 0.7726946482923462	-0.5741793328265551	 0.27066783010771606
 0.6965340364123939	-0.6327859293553699	 0.33826366007734093
 0.6063959893769358	-0.6759896496636519	 0.4187145777438139
 0.993297225431638	-0.091931957710093	-0.0700652346131772
 0.9844272553562332	-0.17550228353811503	 0.010095909305305602
 0.9624997411647854	-0.2564895860999201	 0.08835915617531094
 0.9278504225824824	-0.33457980376470714	 0.1647724134261531
 0.881581655052832	-0.407042702603216	 0.239018877354446
 0.8240585687320133	-0.47444692347061823	 0.30956032063010114
 0.7555543092960917	-0.5367670267618437	 0.37552475908434585
 0.675284432686229	-0.594000941152735	 0.437211409825159
 0.5806075532449084	-0.6247842359639466	 0.5220531846525874
 0.9964721060595938	-0.06893633561538828	 0.04786568162138929
 0.9808389892635552	-0.14881427639744102	 0.12573459460607303
 0.9524525772520908	-0.22811587954496496	 0.20198325075430695
 0.9124217447199042	-0.30113838093036704	 0.27713216214096004
 0.8614929270089048	-0.36920149495969495	 0.34859746532807195
 0.800313155708758	-0.432525554014801	 0.415235472862903
 0.995395530234469	 0.0406364817751988	 0.0868125263897693
 0.9861326660613905	-0.03710619386705771	 0.16175752008285307
 0.9638932206131933	-0.11967866710821502	 0.23787996110460205
 0.9290619862333223	-0.19403249757672003	 0.31495271965857713
 0.980664209342993	 0.170245017156385	 0.0965108421220371
 0.9791218395608918	 0.08930570463492249	 0.18260589917786096
-0.515515950948706	-0.408509403484888	 0.75323526974105
-0.4282293344564141	-0.3714911317895311	 0.8237802960211842
-0.502678477711325	-0.293022503077364	 0.813297092541281
-0.420597078272584	-0.252579892714133	 0.871379076834579
-0.5098188546240552	-0.1803436063717841	 0.8411664039360083
-0.596578524809002	-0.111280519136193	 0.794802308626173
-0.3291704831298518	-0.20544737680988992	 0.9216496993966825
-0.42133894493422513	-0.13778020972137203	 0.8963760970099822
-0.5092778946571259	-0.06788498275433098	 0.8579205412682748
-0.592200103431124	-0.0014914723207729	 0.805789558759905
-0.23170280141228905	-0.16317801313237904	 0.9590029967877403
-0.32706640934484604	-0.09222766361059762	 0.9404900966747072
-0.41668015478215725	-0.023097313567971713	 0.9087596836989745
-0.501197464499233	 0.044915836881865	 0.864166459182918
-0.5803303961461754	 0.1089218734682281	 0.8070642209818217
-0.652615591590038	 0.166697268013663	 0.739124421495032
-0.22848466467657388	-0.04919688233175578	 0.9723036690131686
-0.31900696098938486	 0.02270998344830349	 0.9474802454363336
-0.4050221805822219	 0.09140148220735268	 0.9097267734252528
-0.486144330905054	 0.157417417956409	 0.859583297914062
-0.5616497354345351	 0.21913900319748406	 0.7978268433463053
-0.6302278464735567	 0.2762328186177039	 0.7256089108106527
-0.12777408261546003	-0.006633637797398222	 0.9917811142895142
-0.21774108753966295	 0.06700154042320688	 0.9737040681736738
-0.30445569029094094	 0.13767509053483398	 0.9425244305033648
-0.387450791162854	 0.204991249137666	 0.898810587501203
-0.465366728661752	 0.268950878061029	 0.843266999855242
-0.5383029030506	 0.32820881057881	 0.776214507224478
-0.6049788265213859	 0.3842738291238869	 0.6973766871005029
-0.6578425645050298	 0.4522522600046049	 0.6022549739488859
-0.02615975690757961	 0.03597849795264421	 0.9990101174680904
-0.11418410780398403	 0.11082567212227602	 0.9872586590775763
-0.20034768338558506	 0.18246294034095703	 0.9625840644661442
-0.284319047242449	 0.250989071967707	 0.92529301582144
-0.3632918655818548	 0.3163341727770918	 0.8763285408655185
-0.4377300067249951	 0.37698570944584814	 0.8162562196309112
-0.507545675207959	 0.432109225145199	 0.745438800386801
-0.5728012090699001	 0.4819152788800961	 0.6630659385536101
-0.6137968484512969	 0.5543112235765889	 0.5621320985749529
-0.009188705532412736	 0.15445380492733007	 0.9879572813811884
-0.09383429942109377	 0.22644454188395294	 0.9694936790423748
-0.17861470909591898	 0.29544427495914694	 0.9385144996687288
-0.25780410217716104	 0.36234899819513905	 0.8956786524237402
-0.3325367243976419	 0.4246162964179069	 0.8420928260846468
-0.402932301873416	 0.481172162787281	 0.77853638955774
 0.09792568792138584	 0.1979370573091141	 0.9753109663019954
 0.015957138254860094	 0.2678243072990429	 0.9633356165732185
-0.0716942044360583	 0.337230234349951	 0.93868829229439
-0.151987206294915	 0.40655929278454	 0.900893684389674
 0.22568429821768607	 0.21177484701142205	 0.9509037867793352
 0.140429014542096	 0.293441109232462	 0.945606687416686
 0.25040926328673496	 0.32291012223839893	 0.9127016236515508
 0.242747715133917	 0.420065742982566	 0.87442456413905
 0.142765179750782	 0.395330854132094	 0.90737622804541
 0.16959336807977302	 0.5000180356043171	 0.8492467565871292
 0.06326809455075802	 0.4741119502988101	 0.8781884802226543
-0.04347938065077307	 0.4429653399258957	 0.8954838083865955
 0.210738762042306	 0.585212219578143	 0.783017134058572
 0.09504876448836133	 0.5729251288754311	 0.8140777168503672
-0.013783588605511597	 0.5457343483824989	 0.8378448744730038
-0.12120538922941702	 0.5119606450424171	 0.8504149290490483
 0.25212062979580296	 0.6590533261954659	 0.7085787897348189
 0.135035878537315	 0.65610856856756	 0.742486941137609
 0.020091500725384296	 0.6397376141194759	 0.7683307339156248
-0.08907580517247451	 0.6111524221525141	 0.7864847219304332
-0.195745407065456	 0.5748669923994	 0.794488311218263
-0.3002957328584462	 0.5311643468341483	 0.7922669433210383
 0.17471946825488208	 0.7279079250059644	 0.6630408434826943
 0.05856342758236571	 0.7199382382431831	 0.6915629096944881
-0.05452778168775092	 0.7004666720633473	 0.7115990179537294
-0.16268111472995098	 0.6699119143897639	 0.7243982895264609
-0.267488140372668	 0.631122105630909	 0.728103689417915
 0.21091475416912106	 0.7900326666845052	 0.5756416872023331
 0.0957962985920566	 0.788458036557335	 0.607582911020557
-0.018321672118263	 0.776723732862337	 0.629574903517594
-0.12926134359984995	 0.7537819677772507	 0.6442858450289106
-0.235469077226169	 0.720867337156388	 0.651847064802255
-0.337576423578681	 0.679372016710695	 0.65153343824724
-0.36916226037499006	 0.5842824433870432	 0.7227262634389972
-0.5311447103099669	 0.5733347604903459	 0.6238369571636639
 0.24327978324618996	 0.8423313851541138	 0.4809290848431179
 0.129487358169178	 0.846267382666845	 0.516782876175841
 0.01558134997194921	 0.8408235703079675	 0.5410849703582743
-0.09726356587570703	 0.8241790409690533	 0.5579146056346561
-0.20688881089014705	 0.7970789774044782	 0.5673289378379112
-0.3125383980843533	 0.7596569573549576	 0.5702990942173015
-0.41466250930449505	 0.7122314863722923	 0.5663755937513681
-0.4355463752753249	 0.6295936412454389	 0.6433593100964929
-0.51422753427653	 0.65272828165771	 0.556341471864226
 0.16033019919901692	 0.8933698895188505	 0.4197433355348008
 0.047712824743537	 0.893727034650502	 0.446066669781338
-0.06518995552827972	 0.8825998449475873	 0.4655832722475281
-0.1759495216478719	 0.8613061090527154	 0.47664824801981265
-0.283348704628571	 0.829165159100761	 0.481869951873657
-0.38678784490094315	 0.7864354229650743	 0.4815750082205562
 0.18879991710980204	 0.9295832019266732	 0.3165906852626681
 0.07883935658047943	 0.9354296437061395	 0.3446095435848831
-0.03365642436758889	 0.9293873833498476	 0.36756813894693385
-0.14477461291884502	 0.9134897149838442	 0.38023262889043813
 0.21458430410721205	 0.9551515629911532	 0.20405653174152705
 0.113869419947663	 0.965197883434357	 0.235428972334801
 0.045700839217799896	 0.9861150125941478	 0.15965154315330898
 0.08286739867753234	 0.9946789212872355	 0.06121141873278773
-0.029560472922230407	 0.9972875165558452	 0.06740762391961891
-0.08263862488725247	 0.9960562248778337	-0.032293258721636596
-0.06977940489691929	 0.9822810906021118	 0.17393876421820897
-0.11076742833001106	 0.9539459492267804	 0.2787789496625831
-0.138916097271438	 0.987334657866269	 0.0766328343138249
-0.18086405670677702	 0.9661983994563123	 0.18370858956409303
-0.22017616755224395	 0.9320970396263568	 0.28760661320941194
-0.13244387499358404	 0.9825005421281032	-0.13096298978973903
-0.19335328673044197	 0.9808391510165207	-0.023855111480072095
-0.24661314654092995	 0.9653913811464128	 0.08486128187461839
-0.289173649862266	 0.938080718757692	 0.190743716332643
-0.32719588689294304	 0.8986287914127902	 0.29224843343348905
-0.3588866356194682	 0.8482495250680055	 0.38945234110946425
-0.24363633228044812	 0.9620311716177254	-0.12303398891671205
-0.301398761392599	 0.953377009929887	-0.0152007752485016
-0.3524828453048318	 0.9312943390278405	 0.09190591852817535
-0.395045661305012	 0.897852350480279	 0.194422432402035
-0.4311237462105269	 0.8534386502747798	 0.29287332700429297
-0.4603886420887952	 0.7987157372462653	 0.38742156536619116
-0.291316144048734	 0.930984133224434	-0.220007835998918
-0.35133622437226114	 0.9293495625111174	-0.11345593022949006
-0.4068756713257652	 0.9134604795672114	-0.006491560062748843
-0.456592447271906	 0.884461916582659	 0.0961792867990886
-0.497570569398106	 0.845109822902375	 0.195481241306579
-0.530692724138233	 0.795671637117267	 0.292013490157338
-0.5566426214940248	 0.7358618432918597	 0.3855597742547408
-0.5791164730887831	 0.6621738008504471	 0.4755522768996921
-0.336905660353176	 0.887570319949399	-0.314187051240041
-0.39764673970934716	 0.8933935461555285	-0.20910533729720207
-0.45576084994280613	 0.8841751097905102	-0.10254961182935003
-0.5102560056565181	 0.8600215872859133	-0.0012954125496158402
-0.5570074054135901	 0.8247963135006772	 0.09723061014985593
-0.5945210330272468	 0.7803578065775116	 0.1938722130728139
-0.6235169786159758	 0.7267950819185158	 0.28808937203003987
-0.6443521722559866	 0.6638772816179607	 0.37957506907137384
-0.6562227115099158	 0.5896400667586309	 0.4708464129325519
-0.4405406654912699	 0.8455367071407588	-0.30164813761412795
-0.500051107416107	 0.843718529313776	-0.195161300632384
-0.558223213981313	 0.824143751513818	-0.0957805836957757
-0.6094740084764178	 0.7928049137523797	 0.0013422822987284194
-0.651776659538694	 0.752042924398806	 0.0980745937655272
-0.6848906726013764	 0.7023640321768133	 0.1939317737967731
-0.480159683908427	 0.784829701199542	-0.391776745180208
-0.539167041664631	 0.792700919149267	-0.284471710302654
-0.600304425452545	 0.777436033729728	-0.187690730300352
-0.6549356967303349	 0.7499395431414289	-0.09300491804832739
-0.5424839400084	 0.69872776172894	-0.466358970989332
-0.5719447117569748	 0.7314209917918587	-0.3713523656306028
-0.6292237748742614	-0.3862951698192833	 0.6744282637221515
-0.5802746731659869	-0.32630549666001696	 0.7461943624361999
-0.6654905158044662	-0.2740922899596391	 0.6942591662765331
-0.6757626504496729	-0.16426559247663397	 0.7185830887138479
-0.7148629502234962	-0.3376688156829621	 0.6123322082930353
-0.755970065836691	-0.396330964618717	 0.520990427976625
-0.7414318878787857	-0.2230147853263049	 0.6328847929618486
-0.7883706827271197	-0.2847125303542499	 0.5453535015709129
-0.82438118056727	-0.342110023270513	 0.450950552837407
-0.676209682980983	-0.0540866494395631	 0.734721102864999
-0.749175009595846	-0.110605092726759	 0.653072215348325
-0.8083715510204446	-0.1691597761759671	 0.5638443097388653
-0.8515545995768278	-0.22811094392594894	 0.4720383048024399
-0.8826083982042752	-0.28294604831559106	 0.3754250246878531
-0.9010096371278088	-0.33493703883142295	 0.27567882367286095
-0.746535772610469	 0.00147086580476476	 0.665343653134735
-0.81302595376916	-0.0556280396788933	 0.579563904758769
-0.866032407023674	-0.112421748000555	 0.48718499623991
-0.904440833768203	-0.16715991175639	 0.392484830425679
-0.9301224139641885	-0.21931640690837712	 0.2945719075238341
-0.9432984886547907	-0.26935010062483117	 0.19400640348963014
-0.73493757675264	 0.113256468497894	 0.668610298021458
-0.8071182143795236	 0.05673178950837074	 0.5876578018506924
-0.8672128449118425	 8.994544455600864E-4	 0.49793681587286664
-0.9136592204301925	-0.05132111188580258	 0.4032281889919128
-0.9463180575031168	-0.10284065882664897	 0.30644074946982597
-0.9661656723129772	-0.15376097539119601	 0.20707838151473207
-0.973461014172229	-0.20348455579946	 0.104726736977107
-0.9685395969893474	-0.2488168026598971	-0.0046095311929080516
-0.7148370883717416	 0.22455992664767688	 0.6622543140155457
-0.791811723851985	 0.167870652270367	 0.587242401463714
-0.857850474503992	 0.112138312703664	 0.501515266185638
-0.9104218591403128	 0.06241213528693389	 0.40894591790164897
-0.9496572159684158	 0.013539808031829796	 0.31299815615683596
-0.9758675854650715	-0.03637968037835721	 0.2153113431618041
-0.989483597232579	-0.0865509813484038	 0.11589278853882
-0.9905353953298228	-0.13648296570571597	 0.014561272985700596
-0.9779028956989918	-0.18820442410234794	-0.09102209254807599
-0.76741572736014	 0.277477560244599	 0.577995938533319
-0.8390921329469452	 0.22078694570962107	 0.4971695053306901
-0.896693063386898	 0.173426611823801	 0.407264975642563
-0.941252972735325	 0.12711848569821	 0.312863759343756
-0.9732807861455948	 0.07873018479942298	 0.21569902485004894
-0.992784638335605	 0.0284185831260621	 0.116494832580459
-0.7332464394833833	 0.3864188227699162	 0.5594909761506912
-0.8108583414623673	 0.3265233780082852	 0.4856863532105442
-0.8726009567286733	 0.28182387264973213	 0.3989271551560652
-0.9213567700175702	 0.23836600278303605	 0.30705594125505503
-0.7039917442105048	 0.5001966331141449	 0.5041814676331579
-0.772247566419443	 0.429396249721757	 0.468244121035319
-0.7811508382207103	 0.49215191760148425	 0.38417425466611316
-0.7200078405158403	 0.5761367585846762	 0.38685287255397116
-0.841295477520623	 0.455028891208831	 0.291840072074774
-0.7806708306984382	 0.5547642991554071	 0.2877318655957671
-0.8897766052564502	 0.3471504280444671	 0.29628393990706003
-0.7649576283543669	 0.6146531060391829	 0.19246138848830896
-0.8338753269411555	 0.5165103245566113	 0.19459964991028514
-0.8891676143035474	 0.41221982121781015	 0.19863477205387509
-0.9310783453219055	 0.3027688077390961	 0.2035292704572711
-0.7377246150728423	 0.6680038898536662	 0.09763808404509941
-0.813563118097298	 0.573100290493398	 0.0983418014284119
-0.8762160537879375	 0.4715127498961898	 0.09960498867841645
-0.9252687414540784	 0.36511328036984514	 0.10281074158645505
-0.960953251602168	 0.254930634718293	 0.107606782859394
-0.9830504302665555	 0.14307591982237006	 0.11463477971245406
-0.782448019303945	 0.622709683288802	 0.00278341978384168
-0.8511056003461318	 0.5249922090632559	 0.0015612438417146896
-0.9067889948908826	 0.4215800092235293	 0.0020036386580505714
-0.9493389046515165	 0.31422068424681715	 0.004583198285161032
-0.978962434797054	 0.203819043194771	 0.00950520317467335
-0.9956834725626137	 0.09144685889197016	 0.015871183460829212
-0.741990996080424	 0.66402761046925	-0.0922859375532293
-0.81540740554242	 0.570946260420124	-0.0955569500290568
-0.8766093345775888	 0.4712325884018619	-0.09744702232248327
-0.9251676385865688	 0.36678795192029495	-0.09762908807454607
-0.961237384434753	 0.258873311734488	-0.0949067923631057
-0.9849222886918735	 0.14820047949087806	-0.08924518539750945
-0.995952783786513	 0.0350456480608547	-0.082763850924726
-0.9926257499796498	-0.08293232698504609	-0.08841012169533019
-0.6928641329466101	 0.6966376401357831	-0.18610559266768303
-0.7700842413581633	 0.6084586735325752	-0.1916984710810211
-0.835964544702586	 0.512869149743095	-0.195265243302521
-0.8895500602873365	 0.4117511513943613	-0.19789310136589913
-0.9311300330633835	 0.3064461145396961	-0.19770594429835908
-0.960910280251396	 0.197810445751422	-0.193707152317118
-0.9786998421331465	 0.08627537361325825	-0.18628789256536993
-0.9837467890435735	-0.029532667616054015	-0.17711599755510207
-0.7853861276971773	 0.5463474862623562	-0.29098634791968814
-0.8432611295448653	 0.44883569668615725	-0.2957316093672941
-0.8893568564368578	 0.34670629894491195	-0.2980589273628149
-0.924156739291387	 0.241026259637061	-0.296379256000955
-0.9475917783382535	 0.13287969529751206	-0.2905388239175391
-0.7151591421544483	 0.6376524225486383	-0.28626349646919114
-0.7242641207931543	 0.5732112101286412	-0.3832367309047742
-0.78674147913257	 0.478543330436079	-0.389915536889006
-0.8372596121001173	 0.3785171547239842	-0.3946151359560612
-0.6487615610812328	 0.6598368844254079	-0.3791091172937059
-0.6463056325148551	 0.6038045344961052	-0.4665930919993511
-0.5688560546031132	 0.6230462610110482	-0.5368576587714222
-0.5479596091621988	 0.5611950937098937	-0.6203227656009038
-0.639717484990369	 0.530395627323272	-0.556275127894417
-0.6102392450902091	 0.4629749053807811	-0.6428548053327351
-0.698315473418695	 0.434618014020782	-0.56873779676812
-0.772972098333655	 0.408874626593415	-0.485114084443816
-0.5716978670794791	 0.3892739966193181	-0.7222377062524481
-0.6644427449547711	 0.36318802582070503	-0.6531541139558321
-0.7473851674216303	 0.33388712842105617	-0.5743995099169942
-0.8177831683991508	 0.3052536367459949	-0.4879046082344279
-0.5223950973761342	 0.31553023822234716	-0.7921767675239714
-0.621319197724744	 0.287856559185472	-0.728766804864616
-0.7094289608164679	 0.25911682823922294	-0.6554151500218098
-0.786646887277398	 0.228153108667193	-0.573700996811298
-0.851704287543417	 0.197311248028013	-0.485456566524533
-0.90536130430381	 0.165770999003911	-0.390948698115941
-0.5692120923822603	 0.21163696384406913	-0.7944856130986095
-0.6624311676998302	 0.18168429506309305	-0.7267570192211882
-0.7447494363457084	 0.1504263609665441	-0.6501693525452524
-0.8152863482125128	 0.11738653223298597	-0.5670348952830149
-0.874430697088722	 0.0856769210965026	-0.477525309465745
-0.9225448367134516	 0.05472825408447067	-0.38198932244006084
-0.5106290394395899	 0.13324204637945397	-0.8494142341388078
-0.6077319221445217	 0.10313997477123193	-0.7874160630890854
-0.695005229304893	 0.0709973540953651	-0.715490815419954
-0.7698944428060602	 0.036180717462458406	-0.6371448050641612
-0.8338151075163193	 0.0023329261799568102	-0.5520388790049011
-0.8870759611852596	-0.029217074700905687	-0.4606979505415338
-0.9296351051476548	-0.05908338086074029	-0.3637137959758659
-0.9611928268525878	-0.08871327154108438	-0.26122462567608196
-0.4462110048918949	 0.05296296194793409	-0.8933592019871218
-0.5465342723088282	 0.02341240792607311	-0.8371094004650543
-0.638669570847714	-0.00860897711500574	-0.769432950156302
-0.717595827228151	-0.0457800274851805	-0.694953536452763
-0.785985065089331	-0.0818327213943636	-0.612805746681371
-0.8444090004575003	-0.11542769035779805	-0.5231155591693192
-0.892808732223317	-0.146067448396533	-0.426094905138186
-0.9311111909698092	-0.17395504024115102	-0.32058008987690306
-0.9658344358785528	-0.17010431763359898	-0.19552074977752495
-0.47835049699162	-0.0572658656380722	-0.87629984746124
-0.5752757083754337	-0.08739177699341366	-0.8132776504165576
-0.6569845360907837	-0.12639127611158094	-0.7432338559702887
-0.7287324186838159	-0.16413694613511798	-0.6648369159972038
-0.791281539219512	-0.199007943362659	-0.578160327391083
-0.8446731054794748	-0.23021469346665394	-0.48324790717779087
-0.5049461662633322	-0.16514455037810108	-0.8472051974913624
-0.5880222542261291	-0.20564534325257805	-0.7822658252367612
-0.6618985426646242	-0.24454344063891412	-0.7085822640025142
-0.402696164172305	-0.141185218168855	-0.904379640157564
-0.4245378147173391	-0.23962900917546306	-0.8731240357684652
-0.2728352357270349	-0.9570990379283385	-0.09758260983608835
-0.328732822657853	-0.944370365982526	-0.00996710396406763
-0.3951500881047219	-0.9142165950056927	-0.08980214522508799
-0.4251595730895953	-0.9046601231849696	 0.02879928695695412
-0.4943507002231502	-0.8676579536378594	-0.05279261953951192
-0.5573388183585689	-0.8196092636245778	-0.13271810928223599
-0.430279026026127	-0.891234775352547	 0.143389452067797
-0.5154149139577971	-0.8543459675211521	 0.06663658342249322
-0.5841933590031929	-0.8114851944591598	-0.014487873209907196
-0.6447169751591001	-0.7585780177803743	-0.09433669955059223
-0.425835068956578	-0.868503396519323	 0.253705231087469
-0.5186326509054431	-0.8354330428548942	 0.18185654874379803
-0.5992206202131392	-0.7936707846733082	 0.10498254077434203
-0.6658145039726969	-0.7456834010803098	 0.02544232011616719
-0.7229511970321101	-0.6888107575047151	-0.05367780785035591
-0.7710630637976313	-0.6228627333972903	-0.13230180267806704
-0.512758589124597	-0.807219887851305	 0.29236053416335
-0.600238006304375	-0.769010292540751	 0.219857921745244
-0.6759244775960306	-0.7226886628745536	 0.1443855849422759
-0.7390625152417913	-0.6703479901514243	 0.06648436405970153
-0.7920826467369	-0.610304914563537	-0.0115322156527374
-0.5011565155475712	-0.7683855520561134	 0.3980273738270262
-0.5928368169417653	-0.7350281248443912	 0.32905647564832113
-0.6746637537212008	-0.6916033003353818	 0.2579024900617029
-0.7451333383895601	-0.6411871725773302	 0.18345385725767202
-0.803924740013441	-0.584977951854314	 0.107265130581439
-0.8521699539166123	-0.5223787731356813	 0.030443176887756815
-0.835259438835591	-0.542501988161757	-0.0896284702346025
-0.9189630340887917	-0.3749500666876852	-0.12214495269647008
-0.4841575857192492	-0.7192456021885353	 0.49827421759806023
-0.57941081186437	-0.691088408620555	 0.432064720342891
-0.6656671789088728	-0.6511515691385129	 0.36453921727566596
-0.7420590757214366	-0.6029762553696816	 0.2928616799784568
-0.8074977831122632	-0.5478965351984961	 0.21853310272419504
-0.8617854641505022	-0.4871338074326491	 0.14151490181275803
-0.9053251729588965	-0.42016022970741074	 0.06206216705175506
-0.8900326207680472	-0.4534902972554211	-0.046781238375564804
-0.937736812149575	-0.346637124564854	-0.0221895248476032
-0.559617951138794	-0.638027949621832	 0.528912170652727
-0.6491328467086344	-0.6017810224238522	 0.4652807199685452
-0.7297702262744445	-0.5570840998432155	 0.3963492431495494
-0.8001325022662408	-0.5041415403567789	 0.32500659393904396
-0.859628804919426	-0.445571164816068	 0.25000930950117
-0.908074957514604	-0.382011796336183	 0.171659136065789
-0.533032946316545	-0.576152994295055	 0.619615691623401
-0.6245245370538015	-0.5439594369835546	 0.5604259393838487
-0.7090068317275612	-0.5035014890132231	 0.49375658286762414
-0.7834564589927928	-0.4529574870189559	 0.42547090595708986
-0.4991313469959019	-0.5026656747389759	 0.7058293829851989
-0.5874525212949989	-0.4789851969355949	 0.6522826966436549
-0.32779092245094615	-0.25953431553518114	-0.9084024714951204
-0.30697577912241414	-0.37134193549681815	-0.8762825103661854
-0.4074836492085871	-0.34273014020464204	-0.8464591700861652
-0.3891550392770978	-0.4423844151049128	-0.8079940499023026
-0.491049313614757	-0.388435835352468	-0.779735963908621
-0.584689242965888	-0.321697860828793	-0.7447475918042
-0.366053507367735	-0.541982961511212	-0.756478221216788
-0.4685960803910849	-0.4895165140617709	-0.7353851344043638
-0.5658061492611871	-0.4288852678301671	-0.7042164642327481
-0.653381270435596	-0.358745058981182	-0.666629505873056
-0.3319274247959529	-0.6329062001287218	-0.6994668873556128
-0.440726998543353	-0.585136031013548	-0.680716929394796
-0.5405390290244023	-0.5290063273113104	-0.6541940566574684
-0.632378175840769	-0.464637514156419	-0.619846612605768
-0.7143207468137571	-0.3917922386850321	-0.5798661159074631
-0.7843698203770968	-0.31208121750143597	-0.5360683711658639
-0.4047332985813509	-0.6722451693474459	-0.6199011125239919
-0.5088601613019471	-0.6219918246649271	-0.5951365442398501
-0.604109109307472	-0.562648460531593	-0.564339342871965
-0.6906870671368182	-0.4949856811885821	-0.5272006740399862
-0.767267242331198	-0.419637488383724	-0.484979749256068
-0.8330051249152324	-0.33815026854588615	-0.43790051124348217
-0.36348074856583296	-0.7501724819250508	-0.5523793920707318
-0.470154845156245	-0.706171702990876	-0.529410943852763
-0.5689759445106319	-0.6523516282041318	-0.5007032332107039
-0.659513155134019	-0.589328728681905	-0.466619810718899
-0.7409720244533927	-0.5183845370548198	-0.4268933481794968
-0.8126703407902907	-0.4394170173145588	-0.38272653696101283
-0.8745451886951316	-0.35321176904540985	-0.3322832513654708
-0.9293237747957728	-0.26349265067839694	-0.25870629029424097
-0.3182094789573031	-0.8184800305865351	-0.4783650980504181
-0.4259803631224572	-0.7809788059495253	-0.4567415405803522
-0.5268055781686292	-0.7330309412142101	-0.4302807479228251
-0.6205906362185599	-0.6750831798941879	-0.3989109705959399
-0.705509374050962	-0.609342581261504	-0.361881391878316
-0.7811077917738463	-0.5356818247220951	-0.32080461388919007
-0.846899190735779	-0.45424958724812	-0.276439999305447
-0.9028366174684744	-0.36439510095757915	-0.22825917847087612
-0.9501339685489154	-0.2770356851600681	-0.14316658463964405
-0.377076079591171	-0.845883441304023	-0.37721987477838
-0.478737277904689	-0.803920606550255	-0.352877141663042
-0.575156002474911	-0.750870109023454	-0.324637724536423
-0.662907202086175	-0.690435566586621	-0.289573427328011
-0.7415290932911313	-0.6223488862176131	-0.25063213606105905
-0.810651238882728	-0.546939101743728	-0.209050682566842
-0.32284310923679604	-0.9008452043301142	-0.29025892691483807
-0.42303255662708517	-0.8651173134958904	-0.2694726144215871
-0.523549589330185	-0.815902290588311	-0.245355415112326
-0.61502025150368	-0.759623031102141	-0.211477991430659
-0.23173388057806604	-0.9498009434771952	-0.21018462446635006
-0.3435511190084682	-0.9206455357450994	-0.1854303808458801
-0.459459892706006	-0.872356929903749	-0.167002975552805
-0.69754975871323	-0.695280811461933	-0.173230849827479
-0.869863721114415	-0.46457329472312	-0.165857651373364
-0.2699548118203449	-0.8767062903770608	-0.39813374635709387
-0.889368420773946	-0.25582165875477	-0.378918317110714
-0.2920200884257561	-0.7148499304177893	-0.6353848006818353
-0.7273694578926161	-0.28032330865536803	-0.6263804868843771
-0.29057833968248187	-0.48593881548066775	-0.8242740418796517
-0.508531429293813	-0.281643162187065	-0.813678631041557
-0.6772812183588242	-0.4446364602170101	 0.5861642854218211
-0.8475667496795007	-0.3964420537050179	 0.35279498705604395
-0.9451470802232462	-0.3142404229594991	 0.08916251075260073
-0.46173867554340386	-0.6596163744487059	 0.5930460640342939
-0.416207600802505	-0.834931627565219	 0.36008389345473
-0.33562109134671897	-0.9363455446571378	 0.10303156819133297
-0.376670924241468	-0.0299873672872421	-0.925861637953673
-0.9595124000861974	 0.02307976463920721	-0.2807192165581541
-0.466268338524772	 0.238838110843859	-0.851792341652521
-0.8768453714149722	 0.27396515725823106	-0.3950763055874301
-0.5158687385764098	 0.4871758068350438	-0.7046553610057956
-0.717083712702722	 0.508130419218295	-0.477068575826914
-0.6354180859722448	 0.7204217947085998	-0.2779141841076289
-0.9995981074852323	-0.023911340634787007	 0.015227320873660603
-0.7008669771778391	 0.7132882914794061	 0.0023007694339307705
-0.9582092265229726	 0.19205997926907992	 0.2120095341474229
-0.7086566919062741	 0.6436684320932861	 0.2889578559981141
-0.837440195935201	 0.387656211943165	 0.385248724298846
-0.6870336336750801	 0.33609444234496805	 0.6442245819774661
-0.668293141295047	 0.0564195435746283	 0.741755426269892
-0.5929181885220463	-0.2196303514423901	 0.7747325541404774
-0.382281456026814	 0.830599926974643	-0.404925486587022
-0.4859893944879361	 0.7325063998714341	 0.4767060756825321
-0.18044236382190704	 0.9568608730911282	-0.22772312769160405
-0.253425420754828	 0.886447998100072	 0.387279618337466
 0.031591179504659714	 0.9988040506411504	-0.037315758069945214
 8.776543119517972E-4	 0.9643490981233882	 0.2646319078862501
 0.2717118898793631	 0.8847056712266084	 0.3787723910182222
-0.4689680857349332	 0.5310814639556263	 0.7057063222083684
 0.28991154500118993	 0.7241784881637469	 0.6257130439393869
-0.22794943666591	 0.47163865876326	 0.851819247190205
 0.28466865691645016	 0.5064524739937614	 0.8139223841098016
 0.03947588288539072	 0.36848780702342215	 0.9287940518465264
 0.07524211934250181	 0.07897581657739391	 0.9940329189080123
-0.13145674111313996	-0.12138526038633894	 0.9838621568984416
-0.333733264897868	-0.316273632004765	 0.888027644614245
 0.964448934261495	-0.0067998560683435	 0.264181784306406
 0.882842163281456	-0.263499280390255	 0.38879023131547
 0.7294719560230482	-0.4911770549024801	 0.4760417692947061
 0.9994187370188456	 0.011407279070591107	-0.032125723024723024
 0.6333839100949652	-0.7131489131235902	 0.3004054762208161
 0.9543417931784558	-0.20294315455009496	-0.21919356243782795
 0.7004118882058543	-0.7136496006910114	 0.011288679881632806
 0.8251715715051823	-0.40685327824525014	-0.3918702432703471
 0.7073317128662032	-0.6531792220123013	-0.27025682582530314
 0.49018829640102024	-0.7346572223220322	-0.4690353928666172
 0.37283001868246884	-0.8432451034294287	 0.3872150212885888
 0.25342541911593797	-0.8864479971523818	-0.3872796215790889
 0.17187383894090402	-0.9607202815824002	 0.21788970614499006
-0.00507655477511046	-0.962198283338885	-0.272302574595464
-0.04974518161169071	-0.9984043829718853	 0.02672274254168701
 0.3136001692708989	-0.6968563778958938	 0.6450163737604487
 0.03742758660901759	-0.6665956057443149	 0.7444793309172489
-0.23566637569664317	-0.5821143546913713	 0.7782057809013355
 0.36903828817677214	 0.02641730083331541	 0.9290386795372084
 0.466268340202125	-0.238838110665862	 0.851792340784253
 0.5235013555506862	-0.48360570852234624	 0.7014783313981934
 0.490318904109374	 0.285062352407874	 0.823605990454581
 0.7186745754433322	 0.2792949913913501	 0.6367897316972472
 0.88099765562158	 0.25155426910401	 0.400703856338852
 0.480077562744906	 0.862350147352959	 0.160865649251917
 0.707220377438619	 0.685865227791128	 0.171546573975121
 0.8789551179222572	 0.4459042691734711	 0.16913687773854505
 0.32132195308646117	 0.9431157654120984	-0.08535136493257754
 0.947429247611101	 0.306257690045432	-0.0926501379335157
 0.4115011087355268	 0.8418044199979107	-0.34933101205219885
 0.847566751586341	 0.396442049122371	-0.352794987624588
 0.46336317113964987	 0.6727963586655109	-0.5767491928020679
 0.674998998213076	 0.45261923568325	-0.58267673705139
 0.5823816763143697	 0.23762344085878084	-0.7774102414090635
 0.6671964543189439	-0.042993582909875996	-0.7436399956785549
 0.6929837246888317	-0.3136608178196389	-0.6491459378915567
 0.486689984968435	-0.529969719199531	-0.694452989959
 0.23908159468053006	-0.4767464986357721	-0.8459035211674832
-0.0220805970518797	-0.38362915275494	-0.923223223489509
 0.31418110520373604	 0.30748032949754006	-0.8981904475694692
 0.120743213431403	 0.113335451172716	-0.986192755964946
-0.08683535772505795	-0.09633640221808074	-0.9915537898956555
-0.29618264273895706	 0.6938444052734682	-0.6563960568215462
-0.024015963362980588	 0.6652078488331478	-0.7462719017586847
 0.25865274465012095	 0.5788951506852569	-0.7732911238324498
 0.17556238050236603	 0.9785738485312863	 0.10756892452288302
 0.251929440802698	 0.967577199028387	 0.0180532760800125
 0.15254728749283095	 0.9880763742410266	-0.02084235460034629
 0.21772676453147105	 0.9702817516216222	-0.10558588199534102
 0.10188223718334202	 0.9868468572088922	-0.12551211162055104
-0.0178343149454574	 0.990612810540969	-0.135529320822281
 0.2827332788408651	 0.9392563942933763	-0.19457471268101506
 0.169329813311788	 0.962409374824514	-0.212357268709322
 0.05190017773181709	 0.9725950875982928	-0.22663884735648293
-0.06625296699337611	 0.9702963479569352	-0.23267045688271004
 0.348806327115515	 0.895986635298557	-0.274849223267149
 0.23444014868914906	 0.9253960729605463	-0.29779174742059106
 0.11922468186526697	 0.9418073983706797	-0.31429969711785893
 0.0024823035156515605	 0.9457290944687362	-0.32494663876489105
-0.11392828420689703	 0.9379208392134373	-0.32760470910356904
-0.227040340795088	 0.919228034267759	-0.321671423455491
 0.2984282822045761	 0.8771337613102195	-0.3762670928346152
 0.18424228838708695	 0.8985952802053168	-0.39822267836302094
 0.06915100529821232	 0.9083785443792892	-0.41239126879410304
-0.04659857561505428	 0.9065162178445496	-0.41959137209368486
-0.16129417923434797	 0.8935112510938608	-0.4190725854954029
-0.273289281024382	 0.869475548821795	-0.411491480930304
 0.3586319230187429	 0.8184815195094289	-0.4488553731586769
 0.24700883418618905	 0.8442017691246803	-0.4757205154717841
 0.13335813014269	 0.858842788268432	-0.494575246210474
 0.018480754103029184	 0.8626267329655755	-0.5055032950445737
-0.09631530436748817	 0.8552242455992147	-0.5092296651647978
-0.210264267692152	 0.837251305927808	-0.5047763746988
-0.32333613837360614	 0.8073460357955924	-0.49360522698487125
-0.439849215670068	 0.753890469409121	-0.488038756256633
 0.4139325342751999	 0.7501515843700818	-0.5156863945612359
 0.305958433122789	 0.779069090623808	-0.547211832141485
 0.195152437908699	 0.797971437737093	-0.570225490954314
 0.081843605876429	 0.806855501303283	-0.585051984180698
-0.0314623914150146	 0.804678676527084	-0.592876332356984
-0.14406831133338302	 0.7925065173935443	-0.5926025156530331
-0.2553162892539439	 0.7707490583520387	-0.5837460762104036
-0.3657264694152372	 0.7387940144116634	-0.5660632065755242
-0.4785009205425889	 0.6725437401449359	-0.5645545028000009
 0.3602459390239781	 0.7035295272601713	-0.6125920891505312
 0.253170296171302	 0.72601150154971	-0.639384157415611
 0.141881073791418	 0.7399810315075	-0.657493599899566
 0.0303836664979245	 0.742127501976701	-0.669569715279869
-0.08033757373961406	 0.7345801926313147	-0.6737490740916626
-0.18946415865660993	 0.7182449183432636	-0.6694979983977707
 0.410119575226029	 0.616781120720117	-0.671850417235606
 0.309009599678298	 0.642897862307945	-0.700853341253741
 0.198282387773998	 0.663276312361199	-0.721629148634651
 0.08701063596690506	 0.6692917281674534	-0.7378873435933554
 0.48498568940043013	 0.5153000375642471	-0.7065796150208942
 0.378431284422486	 0.545678058798906	-0.747679890806089
 0.42845675221560725	 0.4453670192242063	-0.7861762077729135
 0.3555150856900308	 0.39896150292332183	-0.8452447829072797
 0.3103511418942362	 0.4919289282962852	-0.8134421296135403
 0.249669765697207	 0.407384188924439	-0.878466351496219
 0.1986784663139811	 0.5016240007708692	-0.8419621303085734
 0.14481631693890307	 0.5887045599842572	-0.7952705045467193
 0.20579694724957007	 0.31241379337410907	-0.9273862400382902
 0.14192668282042392	 0.41090725609575673	-0.9005620709265114
 0.08743309988019549	 0.5031758592502409	-0.8597496773556368
 0.0322979714572298	 0.587784506330534	-0.808372571997293
 0.16423631734904204	 0.21385780908066807	-0.9629596406697642
 0.09582350104163548	 0.31315151502366695	-0.9448565950907608
 0.03224270416577601	 0.4082590529333941	-0.9122965273012972
-0.0243132274102246	 0.49689439002094	-0.867470363838798
-0.07967027811513962	 0.5782276285052501	-0.8119762659205322
-0.13428353737073698	 0.6523743173230269	-0.7459059469454019
 0.05181500952022161	 0.21241857806534906	-0.9758040543475492
-0.015766621170255304	 0.30830636917375803	-0.9511564521064703
-0.079025214657892	 0.398664094797031	-0.913685917023973
-0.13624808713598402	 0.4831472063570331	-0.8648729593074233
-0.19090106853298394	 0.5607064115057829	-0.8057078267767248