-0.2737698233572299	-0.799101762680473	 0.5352442962796635
-0.013766387298440628	-0.10475813503987245	-0.9944024435427123
 0.7100724862095948	 0.5721824396868644	 0.4103709541891487
 0.6608207938034455	 0.25096020115246737	-0.7073435204442728
-0.8397617529112811	-0.5075036777185912	 0.19297724075516487
-0.47099546099294876	-0.04261307153137294	 0.8811057835803269
-0.5110094142610507	 0.29621915314113223	-0.8069222960415261
-0.1284865129721333	-0.4636680677016633	 0.876643108099338
 0.1018966764319405	 0.24173120989571156	-0.9649782844678318
-0.7715292844107223	-0.22907767217318678	 0.5935199941100491
-0.5103676142106311	-0.18061944455976173	-0.8407743541592307
 0.02415044233210293	 0.3661376613905176	-0.9302472623161255
 0.3055804315690968	 0.9459914936011883	 0.10826215348051016
 0.9414828654514308	-0.3364886115177315	-0.019632329974614615
-0.4775716083697507	-0.8286688175404636	 0.291947511918186
 0.34819106868916844	 0.8332651228554743	 0.4294557191582693
-0.15190846037094344	-0.542115594010416	 0.8264590143488444
 0.360007981740263	-0.21239663205479478	 0.9084502869035171
-0.6785956025370988	-0.6886773306762238	 0.2554046640724925
-0.1272533659959625	 0.9766991709868837	-0.1728158275049816
 0.5439152525957426	-0.6839639058256541	 0.48615797177607334
-0.3190992794826544	-0.7759853687874537	-0.5440793666933623
-0.2746171750708853	-0.3704272989011393	-0.8873381674338667
 0.4994407051579114	-0.09880540841944459	 0.8606953429050461
-0.4891048118735471	 0.6739344801537832	-0.5537046139070831
-0.5011262165831382	 0.6848177961069737	-0.5290530230404671
 0.22145757473685118	 0.9743782181106672	 0.039289065440055726
-0.7477236793971085	 0.5985172068424294	 0.28755252108508267
 0.9281726692411085	 0.26571141774352963	 0.2605627343933876
-0.17108569782885455	-0.8907669630506618	 0.4210271980952238
-0.16903111704466467	 0.8877126518457387	-0.4282461082410898
-0.08090062970064538	 0.7609161165081894	 0.6437870391302816
-0.41377054507341865	 0.7922904393949062	-0.4484080682515341
-0.1098691575103321	-0.30181670774291264	 0.9470139614362605
 0.8176686919193686	 0.07833877574253426	-0.5703340656755735
 0.8595015221673457	 0.4221372246238227	-0.28819662902073007
 0.8284399554308152	 0.5537466888205567	-0.08397526341762096
 0.06372724615059222	-0.9973208796051864	 0.035915194578330034
-0.8282657211057325	-0.3326140851653216	 0.45093654275389716
-0.6043421692932351	-0.7967232989992336	 0.0015897313372774668
-0.9168192786664855	 0.19134323425537775	-0.3504713639802213
-0.8734838520441339	-0.4309406064501547	 0.22653069092402167
-0.9188869063389967	-0.22924221239867046	-0.3210838853217499
 0.2597371064715234	-0.9614102225518439	-0.09070291888695992
-0.661909472870102	-0.4738385091666401	 0.580820899206941
 0.280470934362184	-0.9298853338101711	-0.23801117818865136
-0.3543653764674284	 0.9244808752017326	 0.14057130342760615
-0.2200055839065623	-0.661174843255726	 0.7172484713791301
 0.2406431592022576	 0.5441077336183988	 0.8037646696302385
-0.3218320374738634	-0.30373354628575394	-0.896755302474483
 0.23443650406056765	 0.7271252258523095	-0.6452351753377115
 0.13713001609467262	 0.985548908970101	 0.09944197661811938
-0.8827219099100442	-0.24097494474984069	-0.4034019159195641
-0.6470984831430149	-0.7081775469964503	-0.28239708752765114
 0.06785522835855474	 0.4502911095949141	-0.8902997161653987
-0.43741158480109765	 0.5602785559142415	-0.7033911040555207
-0.7168470044827701	 0.6208161836048329	 0.3173604233965064
 0.8837133080741765	-0.14901389551113245	-0.44367290662963965
 0.8908916149534138	-0.05045067794024337	-0.4514054269734338
-0.4540494143307794	 0.8081657312567072	-0.37510969084814105
-0.6184247410741183	-0.6541843934512429	-0.4354234938450603
 0.944940612970207	-0.297916634261621	 0.1353991026178416
 0.15129144429111324	-0.4145557555200007	-0.8973596962475807
-0.5253987367718649	 0.7010312939895712	 0.4821942474209291
 0.5009776261750779	-0.616179060688704	-0.6077374295209819
-0.7556666633301458	-0.1663084129054796	 0.6334898623721965
 0.10006873296278417	 0.9453503678221458	 0.31032069016060926
 0.26094698404617733	-0.8354264517484588	-0.4837037473869563
-0.46639006120898774	 0.8747226049520335	-0.1316839974765558
-0.3236815518935046	 0.2158979875497132	 0.9212048154106645
-0.9326102118973238	-0.3554952250774986	 0.06213966214848132
-0.506547398400644	 0.8539961066415417	 0.11874503364195022
-0.8265478807605207	-0.5116234727856466	-0.234648722359716
-0.9974255806827048	-0.03167621139396374	-0.06433372856825614
 0.6267625069671626	-0.36170874958246113	-0.6901706602976756
-0.9139360846125336	 0.3954410695658298	-0.09136297797108228
 0.7046637006933019	 0.6297215728644785	-0.32695536330561703
 0.1657380150248663	 0.9346784856050316	 0.31449489490721794
 0.8570826828088114	 0.46541524822682895	-0.2209025159368032
 0.7134266633263835	 0.5948821623584217	 0.3703209539882282
-0.8894940975379613	-0.32515690905306593	 0.3210502062609275
-0.269080118187577	-0.6580504341668147	 0.7032535219172573
 0.7140861421414721	 0.6437731069556669	-0.2750221234049304
 0.8349507219612228	-0.4553206973957763	 0.30909602782866163
-0.7387494798369597	 0.31001047607281396	-0.5984502575533983
 0.4051320876146933	-0.8447830551173894	-0.34958487005517047
-0.6452249596475715	 0.22157949396734591	-0.7311547574220962
-0.9250563318061614	-0.2465151641616265	 0.28896549417481565
-0.7272090709859204	 0.0899356209440716	 0.680498751770493
 0.805552365259883	 0.3240183212868418	-0.49608216486250023
 0.9339269096655579	-0.030528274975963717	 0.35615804333123346
-0.9293112083625084	 0.23667135565338385	-0.28349135335139275
 0.6021355301842738	-0.7343248557352683	-0.31336848842709264
 0.6177307967069411	-0.12350374605612524	-0.7766308566557936
-0.46333852071690235	 0.1464814731332505	 0.873991186024542
-0.5798452165743481	-0.35164318361409375	 0.7349330556136335
 0.6350941464711053	 0.08902793368889261	 0.7672870728359917
 0.6575356585247425	 0.5823459457654152	-0.4780377152683848
 0.18525320503317821	-0.1725610854190068	 0.9674212742254273
 0.47208630615088637	-0.7816474823856217	-0.40762940623197297
 0.5679164020785604	-0.19308063245974505	 0.8001192596226439
 0.8891404292023963	-0.381891562127217	 0.25216687318879205
 0.5781310432047632	 0.8105313051129562	 0.09382697008248853
 0.7584188654359376	-0.06539567789655312	 0.6484783958339055
 0.7091429280901606	-0.27257171911005923	-0.6502468496510387
-0.8784319025597811	 0.1628675289150163	 0.44925667562131966
 0.9129922937715649	-0.3810219717463173	-0.14583322173045854
-0.4367390367995485	 0.5849885108016831	 0.6834087034604048
-0.4661857233763395	 0.7666187846628507	-0.4415501220950264
 0.4111656317555465	 0.9100031928911119	-0.05326361038311278
-0.1417966799000017	 0.9799032896914426	 0.14029698650086986
 0.7994069200659949	 0.5041389066744305	-0.326791277312767
-0.17352994200501856	-0.8102241139242845	 0.5598430534027754
-0.02433129944542477	 0.9994558845186798	-0.022269323480526015
 0.6408230365980137	-0.4278752602751705	 0.6373920280406369
 0.3469032772980875	 0.6289990763963323	 0.6957142215683154
-0.7065245756081514	-0.06377544225097938	 0.7048089932935118
 0.6793105121229058	 0.2846464353331544	 0.6763975421092567
 0.8839442018378272	-0.412321686625145	 0.22052998611500096
-0.4730639449644642	 0.8712347256717673	 0.13099830822685798
 0.5931185777809553	 0.523754194737506	-0.61146700335011
-0.006639107758872837	-0.9942828816348654	-0.10657144803386176
-0.6470568503593672	 0.2634108062864946	-0.7154943602394881
-0.944200385900993	-0.2761219729493719	-0.1795613747969267
 0.36016526527254317	-0.9035376262936968	-0.23216532808046608
 0.9300998609564183	 0.2783143546809991	 0.23969849525466436
 0.3282513303035617	 0.7708487244776289	 0.5459334282906247
 0.4032077000861244	-0.6425932899494607	-0.6515346608609447
 0.07542583654215956	 0.533885990878615	-0.8421856635715637
 0.40387291538770775	-0.8859800171306179	-0.22787294148595905
-0.9341266552637653	-0.013050173977759743	 0.3567030766406154
-0.4398287634646474	 0.12775708423901455	-0.888948134738976
 0.7594213759742805	 0.5155218264151231	 0.3968833836316987
 0.9380916590208638	-0.25372324452573425	 0.23581466125501604
 0.3335274187347995	-0.14091196535743278	-0.9321498157330759
-0.15133928486277548	-0.7313597109389173	-0.6649882661164532
-0.9564756045708943	 0.2901866528101331	-0.030759135091768863
-0.582103262942545	-0.3711147419565293	-0.7234843741050536
-0.6138801363387021	 0.5964589967083117	-0.5170955844469092
 0.5159810724451446	 0.4760115867455838	 0.7121632552738943
-0.2368853867061613	-0.5112494457809897	-0.8261412214347517
-0.037076973439296924	-0.8858489989675511	-0.46248983671943455
-0.2242425963506424	-0.2579401771651074	 0.9397776987064312
-0.5324072032087828	 0.2377144522202172	 0.8124250175721104
 0.46175037134096564	-0.16796751717382175	-0.8709612550170887
 0.8769642212878541	-0.47740492828862013	 0.05493895727737441
-0.04477104261258788	-0.33893172509108094	-0.9397450928151558
 0.29467306102948027	-0.17247321515391117	 0.939904663866495
 0.39732333181952734	-0.1710174432761366	 0.9016025754661103
 0.014214862821583341	 0.9908335549499981	-0.1343383938422391
-0.5586168157877958	 0.775628335570763	-0.29385019683306624
 0.5777082439496376	-0.5576611383377372	 0.5960429847422795
 0.8335426997449757	 0.05431208833709054	 0.5497788325884523
 0.7143793268882103	 0.6566903405464611	 0.24170224233076643
-0.09509468440698386	 0.9788400696663103	 0.1811880763548992
 0.19986578367860652	 0.58486192253452	-0.7861235272422278
 0.6372625693381229	 0.4422037594076564	-0.6311515292592655
-0.8799504975275083	-0.09561109883819428	 0.4653446461280537
-0.41046447251974605	-0.4685038739633301	-0.7823190122197201
-0.684501048585682	-0.2813821052714408	-0.6725194609214769
 0.9783240113559438	-0.1622997163219819	 0.12861155036084204
-0.7798372012585818	 0.2818532762137576	 0.5589388787879703
-0.965063779903261	 0.15265854885044025	-0.21294898023166953
-0.9862307930158227	 0.044251599695579166	-0.1593443404447228
 0.2474785460120066	-0.7672030806968538	 0.5917379506445737
 0.3433419895743942	 0.31870715020701207	 0.883482897741672
 0.0704728384616436	-0.6833018992409302	-0.7267269731700461
-0.7980442376385832	 0.22524295209332235	 0.5589194998424529
 0.9920695264926912	-0.0733549724531486	 0.10206420832478602
 0.14641942397656543	-0.13505852909684835	-0.9799594614067291
 0.9469423053365855	-0.31775477632402616	 0.048292571759029235
-0.7283261341743839	-0.588427206616062	-0.3511331154884363
 0.31484546996475615	-0.8256839322140469	-0.46810081619905475
 0.5262543446484018	-0.0620626141423217	 0.8480593119968098
 0.15835173016004683	-0.9873156133121587	-0.011515609638901747
 0.9702899301861928	-0.1511004959091296	 0.18896055544818857
-0.2884308526498231	 0.7274462765495847	-0.6225990346714658
-0.32340200787913964	-0.5564623962403725	-0.7653500786373277
 0.04571776619866483	-0.23378185529243076	 0.9712136376667253
 0.6294475905002526	 0.6143251612302814	 0.4758154338531013
-0.6734900000941181	 0.20941532566000753	-0.7089121533391409
-0.012618804107000477	 0.9684495180211431	 0.2488901300323596
 0.5251717849482069	-0.8439300151001348	-0.10943822872927256
-0.5109465054913188	-0.42010750632576543	-0.7499622334857647
-0.5328986432009821	-0.0974830250650797	 0.8405451183004475
 0.5880969064406272	 0.4303634983217482	-0.684784117767951
-0.6003195403754329	-0.22065013298465216	-0.7687196942041257
 0.16150162851718647	-0.854147685971753	-0.4943166541149473
-0.15512819752770188	 0.963629378028578	-0.21760897070677543
-0.4241415076983333	-0.8784765172106397	 0.21996133786838357
-0.6708397126261392	 0.04819789181057553	 0.7400344878373541
-0.09867209434494575	-0.28776517354962633	-0.9526043369046435
-0.01846563103560942	 0.7676827831843571	 0.6405639428447218
 0.6517631694912968	 0.6533713677718677	 0.3851111874129054
-0.8362022927298104	 0.4964645357240438	 0.23299933562505726
-0.09446944742569321	 0.8832499204022286	 0.45928760228482224
-0.36453051546813175	 0.31023460171203326	 0.8779931635229936
 0.9458823187912166	 0.027676591541306448	 0.3233274582815491
 0.538786680024108	 0.8387420698344944	 0.0788711209400983
 0.5307622716338971	-0.7717068049741092	-0.35037125762065235
 0.0475614306654884	-0.8913993945360686	 0.4507161298797524
 0.4787959347880814	 0.8207347209549141	-0.31168729625935443
-0.2732148520532015	-0.8765019016906359	 0.3963559775634098
 0.6210890285317874	-0.4588183285618725	 0.635400786915731
 0.2535739232584507	 0.03983562475406963	-0.9664954156351546
 0.42508112672703435	-0.35041911696445477	 0.8345732311584926
-0.7965667198812574	-0.33204765483166976	 0.5051987882986286
-0.6819332516509076	 0.030370781096553924	 0.7307835903661255
 0.8348441256659371	 0.46544120714722076	-0.29393837539595746
-0.005626002343175633	-0.7147512400603022	-0.6993561416974148
-0.23602440482711276	-0.7040176280498218	 0.6698146457947227
-0.22773357128547123	-0.5498262223647983	 0.8036345846898456
 0.3665149944445185	-0.8452574695464529	 0.38885288866518897
 0.2828166157081763	-0.4035239016137715	-0.8701627564460415
-0.5989213587007522	 0.4315417349284844	 0.6745850110304545
 0.7260748798110401	 0.6458562976770161	-0.2359765065813142
 0.5004996154922661	 0.28456092499366686	 0.8176339124931418
-0.6205586613060762	 0.5515341645084529	-0.5574199613020452
 0.8815427972005333	-0.38735781480822506	 0.26988186306392703
-0.11942380358645839	 0.29215439133869114	 0.9488855393346776
-0.020953681956288255	 0.7559761091720067	-0.6542637584137065
-0.1837150257756837	-0.5335082603416454	-0.8256014325638437
 0.192167484634366	-0.13437847058777902	-0.9721183490150724
-0.7141474602227411	-0.4106927768424075	 0.5668552267615434
 0.9045653860634626	-0.22330561850482236	 0.36317497584502956
 0.13621741736584383	 0.783417859780334	-0.6063837664246796
-0.8147902153401452	-0.46007763709242444	-0.3527682990766192
-0.4930936982982485	 0.06763371329230289	 0.8673432339765212
 0.6998866789620122	-0.6058071037214253	-0.37836013227107257
 0.44101147232093024	 0.13575895004029556	-0.8871743846422089
-0.19067648355303746	-0.6281490860619018	-0.7543680827682502
 0.3437055018899536	 0.4883978740224194	-0.8020810711025139
-0.0936889479885575	-0.6598119937772275	-0.7455672430388269
 0.1263329093399085	-0.019160793538652986	-0.9918028332328375
-0.8699712907732875	 0.37464867598044016	-0.32060618025291254
 0.3406167862465174	 0.71197542219731	 0.6140612372671446
-0.22585722513387424	-0.5830456265717697	 0.7804141920739005
-0.23424797452484852	 0.9713817057362358	-0.03931244322052074
-0.8700724505005226	-0.24269113016214328	 0.42903956253548126
-0.7491977491755658	-0.6297128233427713	 0.20533994435555325
 0.32684791241314753	 0.34201319884479436	 0.881020666027261
-0.7464847126861993	-0.6441596383225	-0.16679008987955046
 0.9755012686884437	-0.20074008278770675	 0.09000385519310461
-0.5352694607421636	 0.8211689011838139	-0.1979096766844941
 0.2769418955914929	 0.5872100895453853	-0.7605836556239498
-0.7265091097868774	-0.5602831185338714	 0.3978282801443844
-0.04607948055384884	 0.11323140721984316	-0.9924995364688598
 0.8980408519491294	 0.3770350114458691	 0.2266433947294626
-0.9453605321039813	-0.23023072708072656	 0.23084037048999329
-0.24527395687165468	 0.5058130585085769	 0.8270391985406258
 0.9809981643853076	-0.16938212316288204	 0.09461658324781785
-0.4722663936654709	 0.4579223896635274	 0.7531743081512108
-0.21420942846925092	-0.6219192322649962	 0.7532136412026766
-0.7438127566336828	-0.08309484046252082	 0.6632027069889792
 0.661063919085708	-0.411686166223143	-0.6273029534631054
 0.6307527481897639	-0.7736786684154309	-0.0597686263016477
-0.04721524692402163	 0.15320175732122718	 0.9870663311103218
 0.057606695840385025	 0.9457271509466026	-0.31981498488465965
-0.226705826298003	 0.9348963031452548	 0.2730812529044704
 0.6377360736807021	 0.5859047629544191	 0.5000083090046088
-0.7066896097292545	 0.3294320955739925	-0.6261503732382836
-0.7631365557305521	 0.3372202398520568	 0.5512758902236079
-0.9456130186740179	 0.22039303243256075	 0.23925494805623448
 0.37241252630840777	 0.6800135376208055	-0.631577785313121
 0.9115829587104839	 0.10182496247738332	-0.39830664870815236
-0.6545522008087445	 0.1665519417554814	 0.7374427890446198
 0.6046389077179867	 0.43306669820605487	 0.6684796378189135
-0.4341437142291506	-0.6339108425003012	 0.6400595903163049
-0.6973819633568734	-0.7078424957673527	-0.11232719336989483
-0.15740242156598921	-0.8456597872033662	 0.5099843154375632
-0.5141473820313158	 0.8147442565726539	-0.268037806908312
-0.21360516127850743	-0.8575537256074727	-0.46794705124824354
-0.38357170753114783	 0.6516856019718011	-0.6543535904725295
 0.2535358452803765	-0.8146195317685809	 0.5216460424647185
-0.4663625948719098	 0.8773945460984933	 0.11262655362283702
-0.9225149748872425	-0.3837826832731005	 0.040950862365637164
-0.6827366977374142	-0.053166421930413425	 0.7287276124463296
 0.1720637598625842	-0.5141569001847296	 0.8402599267693187
-0.9655031110493733	-0.1672815914067014	 0.19955102538053482
 0.6765294977331423	 0.4970628038507319	-0.5433566119271862
-0.5288304940206459	-0.527935102580481	-0.6645470909252529
 0.5027737642066116	-0.8528361730942015	-0.14102837972391113
-0.7848754189855865	-0.5785719551809066	-0.2218672336113261
 0.7832766825682065	 0.1528335533293805	-0.6025940121853688
-0.8406983862882244	 0.39658594823319515	 0.36870829792174864
 0.10571327949522691	-0.9943924714650534	-0.0028836143964021677
 0.45930303166535297	-0.853836275103276	-0.2449578339649061
-0.6163250272392872	 0.6319490780980945	-0.46987639171324647
 0.39676710311693586	 0.7922896766834633	-0.46352231241333786
-0.1274846660205408	-0.9101427393507063	-0.39419266093729255
-0.3195009433069277	 0.9466112021782012	-0.042969514038726064
-0.5427178945053011	 0.5442117131364248	 0.6397584686964688
-0.47874870934492286	-0.8585666698793392	 0.18347464858359142
 0.12367617294178898	 0.006975551116435752	 0.9922981134382423
-0.6813090387684143	 0.5715333149936476	-0.4573485143135716
 0.674204964794307	 0.707425905068385	 0.21212320543703744
-0.2695990286356969	 0.6129296814523068	 0.7427203843664603
-0.05315662233097885	 0.20564386893718925	 0.9771821594108776
 0.10596187581996681	 0.341092568930738	-0.934038511140169
-0.9399225158109296	 0.28089335394943743	 0.1940221327031766
-0.6026431206812592	-0.05474327306843608	 0.7961309208599474
-0.3059224803797378	 0.3148395847248934	 0.8984917761941762
 0.8968565951440881	 0.3513212136163911	-0.2687408651650498
 0.2159480915929233	-0.36608991552023346	-0.9051765548730053
 0.8458594835778477	-0.0156861931336891	 0.5331750907407333
 0.45812366668719534	-0.7185690319372167	-0.5232411034713262
 0.43038203651335244	 0.8943542961019665	-0.12207250177896523
-0.4174720977625977	 0.06339487648220343	-0.9064756683030726
 0.44255584811452875	-0.011533352655301966	 0.8966667737103671
-0.41899559016330395	 0.785701301385899	 0.4551001652649771
 0.5425350254564871	 0.345797669239416	-0.765558435458402
 0.06912189559510443	-0.7256076410436398	-0.6846281580598508
-0.5221098920296987	 0.827935671550994	 0.20475298390534125
-0.35289533480447094	 0.7407604621291083	-0.5716107245490678
-0.9978125901244129	-0.06319647343771488	-0.019396925896817185
-0.10055498428021153	-0.3198947297741898	 0.9421019355670088
 0.507951691105634	-0.7271106408653151	-0.46183892802941284
-0.33548477710274893	-0.5347224161341727	 0.7755784306025739
-0.5458126886838724	-0.8230546385229012	 0.15706549868643505
 0.8054577647215819	 0.49892675886060733	 0.3198591542266098
-0.6468150074450869	-0.6930787439196555	-0.3182329349243489
 0.38235344236869845	 0.9175370622258152	 0.10923179276578265
-0.03254186201106498	 0.8418122077668312	-0.5387886729243538
-0.6645657422006078	-0.16466967353553605	 0.7288595700895031
 0.19801001694486217	 0.36539681178555	 0.9095478014521561
 0.3957080739424508	 0.9049723797716218	 0.15633333639132574
-0.20622284632710028	-0.9779961179826343	-0.031555203432180434
-0.8139528113688074	-0.5805461908713981	-0.021140982227060956
-0.15170303606018487	 0.7869927519237989	-0.5980205659252262
-0.8002139420586648	-0.35353010088360226	 0.4844317441127921
 0.11105037595444045	 0.5644522847721546	 0.8179617547391027
-0.8418639631401903	-0.18901059016355615	-0.5055097074952335
-0.30931701625911556	 0.7497751051945422	 0.5849446769422484
 0.9813145011546142	-0.19198336465652216	-0.012815518671966952
-0.27549112132872355	-0.8731853070422861	 0.40205977370847634
-0.2726301647948973	-0.17821065390542884	-0.9454701243712076
 0.08491542317562113	 0.9801391086478906	 0.17921132387721372
 0.3621764002774284	 0.8125957113399342	-0.4566360312043174
 0.9918266224827594	-0.08164554501329636	 0.09805078232183306
 0.08567102491617407	-0.9848388150054903	-0.1508409226582561
-0.8932079266388723	 0.3740416200378537	 0.2495445176094735
-0.5381181876727735	-0.3573055433847317	 0.7633882136647849
-0.9721864259611341	-0.21944470995694795	 0.0818386977464034
-0.14816962584811214	 0.12741031554235055	-0.9807203339736712
-0.6020007369001475	 0.7973628758489532	 0.04251537356729096
-0.6021281846216738	-0.23651816691857722	-0.7625620014147594
-0.8994817838357158	-0.3495293203864774	 0.26222466462536675
 0.6016105479721578	 0.4528057556955504	-0.6580514388538492
-0.41491146582647215	 0.9045760879654426	-0.09793148935283269
 0.5080857359069604	-0.3171859103655892	-0.8007758632934905
-0.9910612538002039	 0.04661709454641071	-0.1249977508278397
 0.971451736344363	-0.07217212615783458	 0.22599271704942114
 0.0598661699377594	 0.3123178211519261	-0.9480894579563137
 0.19462636531291636	-0.02594630597412356	-0.9805342253748108
 0.9205605318091625	 0.3199215626033914	-0.22409484834916693
 0.6170676022525889	-0.3927907850976785	 0.6818672696299406
 0.4163008624119076	-0.7360500636024778	 0.5337826297528707
 0.45970025102115397	-0.6917998892595518	-0.5568559889518652
-0.7329075656124566	 0.6797297600035778	-0.02852987265132967
-0.6568595898206911	 0.4933858489462944	-0.5701805708020378
 0.3924155605694363	-0.13836861667632283	-0.9093207100589187
-0.028561574993600545	-0.17252056244558656	 0.9845917387259266
 0.8191790937156996	-0.021816438277126742	-0.5731227228439171
-0.8213344369286044	-0.5380235403228709	-0.1895795684498105
-0.542981410784004	-0.7902354268668783	 0.28407597164761267
-0.31856102661881613	-0.7292930127095533	-0.6055167825358678
-0.8813038705174177	-0.3565085061581238	-0.31016958723885524
 0.8589829145527587	 0.384168257296711	-0.33847171608873916
-0.7583282593855496	 0.5395821711364993	-0.36577224007420783
 0.6884089728037606	 0.3880553007627333	 0.6127855821681969
-0.32957927444787133	-0.8688024459175591	 0.36954000030048384
-0.5097412366263644	-0.24147819484799432	 0.8257433942185544
-0.17684983258176334	-0.3296321880745651	-0.9273978419755875
-0.4345205642601002	 0.19960409676870233	-0.8782653834623306
-0.039868761206989296	 0.1343700520899906	-0.9901288658458318
 0.836674039512398	-0.011535584528954812	-0.5475796580366925
-0.7510859370554703	 0.4362818679743708	 0.4955078675806266
-0.7269497536232895	-0.6773464596093274	 0.11289742849927342
 0.3822027269576117	 0.8350613758004433	 0.3957190596274536
 0.4293237703376345	 0.4905775251665054	 0.7582972979146008
-0.5845323639159911	-0.39633620903979033	 0.7079827151412321
-0.627527614415944	-0.678226270691711	 0.38238490933750025
 0.5059181938385137	-0.22883171993033427	 0.8316747111081959
 0.9067896084734351	-0.09471358029196815	 0.4108064552473234
-0.7688500663940103	 0.33114653134503286	 0.5470023310590906
 0.10340315698169691	 0.7682655135347195	-0.6317245347771863
-0.1107839194238631	 0.8155681492116237	-0.5679573198653345
-0.17249827602487955	-0.5720531375899468	-0.801872528861004
-0.16049360742357555	 0.8346196943360745	-0.526926719575431
 0.016244037480460834	 0.9695601616412831	 0.2443137822646575
-0.23840107308768718	 0.13826170128128143	 0.9612744822939205
-0.9884929491824208	 0.019175609580406986	 0.1500466108043088
 0.5499647077280166	 0.6002447042548708	-0.5807280906479553
-0.7973893698018579	 0.31282358420281137	-0.5160538713094811
 0.37858307961392706	 0.5610713463099235	-0.7361207755389092
 0.9448037803338217	-0.2369111852389096	-0.2263159450317509
-0.05475281222327151	 0.9808724641682306	 0.18679223375233311
 0.9385965637781785	 0.28716180760548093	-0.19124483448330976
-0.36745925468165624	-0.4334187334653826	 0.8228741687706969
-0.15118031243069535	-0.8891860511800634	-0.4318479819568024
-0.5609905611396659	 0.08013220097907824	-0.8239347186995163
-0.9964722262670879	-0.053519703360889945	-0.06464320250788957
 0.6609395067032969	 0.571944336486403	 0.4858380845919046
-0.7354318553772698	 0.4760438013452438	 0.4822056462725386
 0.6595749232532903	-0.11677839922655724	 0.7425117683171756
 0.26126204930370384	 0.013114846805581705	-0.9651788136852648
 0.7642142261334711	 0.6367863656129387	-0.10237060683948607
 0.07611494090317165	 0.8501254632563013	-0.5210501055508632
 0.028208557347240353	-0.25703035179771755	 0.9659915504532786
 0.07732696274562323	-0.9447025950895841	 0.3186809496401415
 0.25135881735031973	-0.9130553114734083	-0.3211677803429944
 0.2867433446659588	-0.9493725800066148	-0.1283353366043931
 0.22002865172379057	 0.967706340769323	 0.12301150537838978
 0.03756898680300727	 0.7453726821332516	 0.6655885635736825
-0.4541990170519929	 0.05827907673911268	 0.8889920146567347
 0.37844586114640166	-0.8322258850557344	-0.4051898399816536
 0.7367672868275033	 0.5789662135936071	-0.34924502656146905
-0.09952703454796756	-0.9495781539156554	-0.2973141419445493
-0.884522625450162	-0.4276839446044084	-0.18629591674098966
 0.9598904220940935	-0.27035800178553077	 0.07427602872096761
-0.09360132212321831	 0.44224914370387886	 0.8919946678035533
 0.9040462096345473	-0.3424815051895718	 0.25574766753285005
-0.5268470423693499	 0.5870930203351182	 0.6146169371408967
 0.45797565878979374	-0.22146939536972177	 0.8609353070182593
 0.46035343039861853	-0.6632634827717835	-0.5900476858201111
-0.7862251129025323	-0.20721158083239566	 0.582162720045126
-0.4720418738807737	-0.01694212198675113	 0.8814133161041497
-0.9397409481239305	-0.14750071986925595	-0.3084323070905308
-0.27968701642811383	 0.4688394692581394	-0.8378333515128686
 0.4115454896141251	-0.5846100421968086	-0.6991862473911479
 0.8964636894564433	 0.23579916215446217	-0.37516877350519895
-0.3723895828210257	 0.9172704630713526	 0.14121223807888872
-0.7338573757248548	 0.04854003114633671	-0.6775671313386904
 0.8358760391481009	 0.3374788910930175	 0.4329194442904014
-0.5930198491477282	 0.7653241822090325	-0.25021261887219315
 0.8088956877076822	 0.35459841682826776	-0.46898585180237795
-0.2671915719207176	 0.0822836785406742	-0.9601239816504694
-0.13315645913992488	-0.8736921379184613	 0.4679010638252341
-0.8047655131018333	 0.3843778604672038	-0.45233409036308325
-0.012565820804155931	 0.9666938618897786	 0.25562683257464114
-0.9701026351912947	-0.23056094102989655	-0.0757794805096621
-0.6032391923414412	 0.7866174387443469	-0.1316642771845471
 0.3350188296929537	 0.9093047578264426	 0.24683444076011374
 0.8482691913285126	 0.4926593813421666	 0.19423211119283224
 0.7045932332204107	-0.45286264464039855	 0.5463184060502742
-0.7225491809828429	 0.6875661414825076	-0.07194082393105616
 0.5171804739385941	-0.16637470971984247	-0.8395497682343132
 0.918047983631137	-0.14439126874332067	 0.36924119659309085
 0.3316884534703928	-0.9077076922245142	-0.2570010025483671
 0.6162720178000174	-0.679866119101952	 0.3974806412568357
 0.7033818247604741	 0.5327023516837696	 0.47061896806993153
-0.7818465246548615	 0.3488509952918429	 0.5167388072992058
 0.5707217397742628	 0.8210009348582071	 0.015302310642145045
-0.49676427907545273	-0.8421385861048408	-0.2098281507042976
-0.3680811561678297	-0.9105954970651051	 0.18796835690857105
-0.3594271347159468	-0.8940807915858766	-0.2672670442592142
-0.2010058911277083	-0.5521399704843322	 0.809158874835787
 0.5113162701619397	-0.3502220613688178	 0.7847930807533017
-0.8870972147923115	 0.3270753766881797	 0.3256996000488932
-0.712382625523131	-0.6875368015097165	-0.14072718792955063
 0.9976683085471717	-0.060056288189436945	-0.032422035246615355
 0.8980252604698388	 0.24770792075249579	-0.36358137679830826
-0.7765945403025306	 0.6058330454283856	-0.17282141371736648
 0.15003662017447103	-0.962620185509188	-0.225502530045403
 0.8391114011309428	-0.5247154417925494	 0.1434076763514267
 0.10074234506246843	-0.11122573603754785	-0.9886757888985753
 0.22400494875253146	 0.9316391718259645	 0.2861297545761481
-0.6607911244492505	-0.04325254691371338	-0.7493225654113
-0.832506409039615	 0.13113593732244616	-0.5382717202775273
 0.6655479922360544	 0.7291569217718056	 0.1592986298209178
 0.022953073360812034	-0.04980635493394737	 0.998495109367836
-0.6600548513825492	-0.5972238155507753	-0.4556877300359692
 0.5463521976407473	 0.8078884953933522	 0.22094219864976328
 0.046597511761669715	-0.5443812274654144	 0.8375426861246356
 0.9154605625354847	-0.11700902632923325	 0.38502057893013797
 0.7544491263937075	-0.5334958718122069	 0.3823462703402567
 0.9947062878366196	 0.06645581396516116	-0.07837745676226082
 0.29454474865494457	-0.950413991459929	-0.09978294381807729
 0.5364191567626794	-0.504758661929934	-0.6763676378011583
-0.7510376085229947	-0.44094612964659535	-0.4914356736478829
-0.045452300560622466	 0.8077162037289328	-0.5878168274279565
-0.9967033927733199	 0.07442588481126945	-0.03229759285477529
 0.7623897052258306	-0.4829994530643088	 0.4306663043532075
-0.820142607875671	-0.17176489054727698	-0.5457681972432757
 0.4675552706888253	 0.6843070789682972	-0.5595675924541876
 0.003161716271056383	 0.9959697610660647	 0.0896339142971403
 0.5170081532986959	 0.8389317672333577	-0.16998840945602023
-0.42383751924189905	-0.5783579578551603	 0.6970393316510062
-0.16157484234796254	 0.783569455381439	-0.5999270613278469
-0.3958506693420233	 0.4216839566217111	 0.8157725714372426
-0.5849735033983771	 0.6752748595351064	 0.4492325282096916
 0.46668609332943356	-0.145238828123819	 0.8724160550437681
-0.5572629235256625	-0.6119644559937483	 0.5612107791765117
-0.41707213814922633	-0.692382720491905	 0.5887758486417911
 0.02357004526417051	 0.923973242877946	 0.3817301395120083
 0.5507911459361519	 0.8100110893926937	 0.20127381503613972
 0.7426407651895471	 0.34508426748370824	 0.5739351376365769
-0.4871325672235946	 0.026347839789005824	 0.8729304973986205
-0.8193822680131693	-0.45087933060862617	 0.35400639555735713
 0.29195842649676357	-0.9349089488255827	-0.20175612655723185
 0.7913901216719096	 0.29750772233232814	 0.5340326118063863
 0.44745952588163596	-0.891784085020468	-0.06709037488334757
-0.3757765189225803	 0.39757622579450635	 0.8370932758715861
 0.14616030681893713	 0.9889582348934484	 0.024469866101579196
 0.04234552312701025	-0.9155813589343731	 0.3998970265493187
-0.1517542630605976	 0.9340202618488075	-0.3233833547027738
 0.9289883416977082	-0.3343146926476949	-0.15879026188535472
 0.8216313889244989	-0.15329813829017802	 0.5490187078149198
 0.19385527566634164	-0.2436135308134621	-0.9503013099543349
-0.17057878786878422	 0.8626451141550481	 0.47617883631429936
 0.3245846236639897	-0.15716237683752673	 0.9327083195660288
-0.4476127483408846	 0.8482745260039849	 0.28297200578049164
-0.018819917690115737	-0.9725037516773514	-0.2321255342947297
 0.4379649774187871	-0.6520846712966235	-0.6188475256592174
-0.4577551151822348	 0.7434256415226914	-0.4876254403238962
 0.33859259982098955	 0.9289420274218316	-0.1497389763417667
 0.7502872864318253	-0.4843215604685011	 0.4500017932010094
-0.9130811648168274	-0.18772524286680795	-0.36199726469594173
-0.25537609719770205	 0.9610291418756479	-0.10585857284993816
-0.9359711741174067	 0.2569528207441423	-0.24069318464159273
-0.6682300017645965	-0.6739203002920351	 0.3151191736406729
-0.6190888277722151	-0.7821878709531294	-0.0700796536908912
 0.9023291279106826	 0.3687108972116603	 0.22328103188878257
-0.9902942978560167	 0.1251417681480182	-0.06047099716927562
-0.591039984838494	 0.5549108136698201	-0.5854448950963798
-0.17617517546080527	-0.9518100734077802	 0.2510376300693393
-0.6233733597664145	 0.11689797776070113	 0.7731368036311497
-0.5908440473092429	 0.0011638376775115564	 0.8067849510502123
-0.91253627769147	-0.30394336346553874	-0.27367128768332916
 0.5363753988279926	-0.8264967422227174	-0.17089343646654997
 0.580618171684587	-0.7395360803695684	-0.3405421039185357
 0.8450739089640094	-0.11650221667499798	 0.5218019949157926
-0.08050229403061691	 0.47588340165855	-0.8758164012404057
-0.08915850953807838	 0.11549110258225746	-0.9892990272921949
 0.6775456036839247	 0.5285862568227351	 0.5113985960351433
 0.23687289501172115	 0.8879142401177841	-0.39433429194634373
-0.8441859880209093	-0.5359510623398773	 0.010318740519958736
 0.8783083271033696	-0.03242503970479931	-0.4769938147827735
-0.506278398725849	 0.03258002833167472	-0.8617544457312056
-0.1093139540719326	-0.8098046086611475	 0.576426018875211
 0.13795370867574033	 0.41156862752756423	 0.900877371842409
-0.9616469298093853	-0.273030631876829	 0.0262575026444396
-0.15984684152303652	 0.6634630517090554	 0.7309348577486345
-0.3520981094468489	 0.5308150300460539	 0.7708841191782081
-0.9652113675726794	-0.08651795159766525	-0.2467420919904464
-0.9208391541398799	 0.12039583327892966	 0.37089094830154967
-0.8641649241028367	 0.3489352972803077	-0.3625784635940774
 0.05802798434108734	-0.16623326716952042	-0.9843775972255044
 0.3008930303467866	-0.8968209047108402	 0.3243079542076599
-0.05504283987161089	 0.8790892880862335	 0.47346838263067514
-0.21163845236348353	-0.94457716405176	 0.2509644330042091
-0.6846116565076917	 0.23886143734530155	-0.6886596354681542
-0.7146735305364641	-0.2544488602869568	-0.6515347437007597
 0.2814170163201582	 0.932728013469169	 0.2254393839046711
 0.6191790135449787	 0.7836315202185594	 0.050388388597141676
-0.3336558887032848	 0.4898341104489411	-0.8054416752157265
-0.5532184167518424	 0.11609499834887745	 0.8249068642731487
 0.581769260878978	 0.4873258752848515	-0.6511973728249993
-0.4106654922450748	-0.8494333135582379	 0.3313863293749195
 0.03718510655661157	-0.3370501509021397	 0.9407520734110653
-0.7530474077586712	-0.6259424061111813	 0.2027700813722051
 0.7044516957710677	 0.35820456719081606	 0.6127293826551059
-0.43243889664663343	 0.6057010290328553	 0.6679242951829065
 0.962010688070743	-0.0041434576028290425	 0.2729803432424198
-0.42094820942914746	-0.8729511181472217	-0.24649330681361303
 0.6021541230118685	 0.7291421163720921	 0.32521098731782416
-0.6839251861945564	 0.6361308866500844	-0.35718879425104966
 0.45608645351871324	-0.8511291254112578	-0.25993145018136987
-0.34241240616225105	 0.19337678383972415	 0.919434154019733
-0.006303932230928572	-0.8578906784094473	 0.5137935814474583
 0.45646350722282647	 0.07593285402191857	 0.8864960621762077
 0.04865883085254415	 0.902273370613855	 0.42840994720148196
-0.7907419197813099	-0.6078465683017534	-0.07245526691932236
 0.6041767982581571	 0.7419960870774215	-0.2905377827552169
 0.8510583790181656	 0.5237767974035256	-0.03684429405862488
 0.6442205573684869	 0.7453760278419395	 0.17144809880079892
 0.3820581817088997	 0.7482470806700745	-0.5423632104577158
 0.6155877726092376	 0.7466022689165164	-0.25226324794291255
-0.7196293676979217	 0.6794454442543943	 0.14313441734480903
 0.31728025123050646	 0.22643459670298546	 0.9209020662345497
-0.718267181935952	 0.6035378920226817	-0.3461708656813913
 0.8649453947214678	-0.028741500812373637	 0.5010423038837903
-0.7044029670605034	-0.586903086976322	-0.3992007345860267
-0.8658454152792235	-0.23098811467754055	 0.4437974850285482
 0.7032918130571595	 0.6582374020793726	 0.2685221558653432
 0.07742526140515504	 0.2815548177254371	 0.9564163390030198
-0.34758034242066155	 0.1643871966556983	-0.9231277025083888
 0.09955387486116225	-0.9949880947689639	 0.00936574973802684
-0.5755947342689236	-0.7853452257721416	 0.2278674576125146
-0.8850255233179918	-0.1287519956734479	-0.44738433889198603
-0.6471016412753678	-0.6112283148855095	-0.4556966237980544
-0.09312654762257808	-0.9687545879620026	 0.22987386634950502
-0.7227520044356018	-0.3562855753851367	-0.5921909564125427
-0.5872063504075288	-0.014058527673932557	-0.8093151795442317
-0.4035718577095283	-0.9111522246129871	-0.08325490524698798
-0.7145960582673619	-0.6408141611777725	-0.28055246272805556
-0.41798116790445655	-0.9039624450351282	-0.09024212565836054
-0.36790358506556653	 0.41513989762910053	 0.8320491677133048
-0.21471804164016361	 0.7187275487792152	-0.6613069432722098
-0.7652509103860786	 0.5866338995266215	-0.26505039535806696
 0.7078882587154957	-0.32911270369315504	 0.6249632320709155
 0.995113771297742	 0.010311834667294986	 0.09819495017249835
-0.3210800552188007	 0.28342701935922826	-0.9036463483231898
 0.6938593668699599	 0.5515535444437368	 0.462977177211112
 0.5290068232963473	-0.5758275015077289	-0.6233574170676675
-0.6804606564378223	 0.7008399618371879	-0.21400150217289848
 0.3083669678947077	-0.8987512754598452	-0.31169850492218565
-0.4665797285806836	 0.05180015631633767	-0.8829609848023743
 0.6036206558938364	 0.5563488510008124	-0.571067473919125
-0.3953971244199955	-0.8724440830113401	-0.2872323728601991
 0.24090903009561726	-0.35059901226110285	-0.905010039623831
 0.7604452705345719	 0.40331913441226147	 0.5089760960384544
 0.30616252877436156	-0.8859844425660827	-0.34827585834415187
 0.9725167052381319	 0.12731281694259933	-0.19494282411750485
 0.4963428136416187	 0.3681989874039836	 0.7861763905263262
 0.34529076607584974	 0.5755267297630657	-0.7413118575815334
 0.9914555229811601	-5.692923358296709E-4	 0.1304439414322902
-0.4283215215416868	 0.3193300936573919	 0.8453218117787897
-0.5586088516311716	 0.6577254828602955	 0.5053249846143517
 0.6793140422270595	-0.23919200001643204	-0.6937720224693931
-0.6697038737389178	-0.5578923666255708	-0.4901559229061778
-0.5466936848957049	 0.8106924811875797	-0.2095321355808728
-0.6420273764499878	-0.4369934220052558	-0.6299504718728941
 0.37134371230577506	-0.2634810154031946	 0.8903266826581506
 0.02040606266927202	 0.5084263640836384	 0.860863650592258
-0.3832141931546479	-0.007049688121132372	-0.9236326023166501
 0.18810561799352657	 0.7159427253899617	-0.6723409034414516
-0.2695953963768807	 0.8999732598059295	-0.34258787761198084
 0.7633679878639489	-0.08477980907238748	-0.6403762168274174
 0.7600634176472696	-0.6251084423058082	-0.17760359374843193
 0.7020648678668495	 0.5118099764626455	-0.495131769633508
 0.16762998934219317	 0.31307624814021756	-0.9348173348433271
 0.5435870520746128	 0.719416418601187	-0.43238077369822303
 0.013743676310682934	-0.7598614810213349	-0.6499397210676776
 0.159061722011928	 0.8566669886327744	 0.4907352027086034
-0.6244222135508157	 0.7382205707439374	-0.25520048619623514
-0.6884729624862967	 0.40422554626049934	 0.6021683217139069
 0.3678003201833068	 0.9272488431800103	-0.07023181112850252
-0.5536488367103176	-0.8276649259382959	 0.09188980346516806
-0.4973731842627156	 0.8674198061031906	-0.014240630473055127
 0.866441023918119	-0.4990882592413299	-0.013815265440110025
 0.9739187211445349	-0.15047756353488076	 0.16981998550464938
-0.7611434591758576	 0.24844078997272898	 0.5991141864716074
 0.8210861421037252	-0.5707548837976124	 0.007510650197899427
 0.4568551758820307	 0.7116757423018313	-0.5336674864453859
-6.220733844687713E-4	 0.2742191576811476	 0.9616670247987846
-0.5159989828579903	-0.8502109067031617	 0.10433821836943236
 0.36771037283919317	 0.4421090060248701	-0.8181251178751101
 0.6737292387888897	-0.4467730108245232	 0.5886278872086623
 0.9166685530643284	 0.05736322895271848	 0.3955100805125813
-0.3557932407453259	 0.22484966756343108	 0.9071128908997783
 0.985106698387287	-0.11292577951822877	-0.12966326045838472
-0.6429202418471991	 0.6956303550275387	 0.32054948414776696
-0.7547156553291311	-0.341279710732111	 0.5602967415965641
 0.5075315229153499	-0.6635706223471022	 0.549623309554012
-0.8050810256067987	 0.5917966946965836	 0.0402643062041772
-0.33328467681361107	 0.8047144211668769	-0.4912799859217807
-0.8031176014250083	 0.4764109215099769	-0.35781944070628136
-0.7177223777121453	 0.5037921092143798	-0.48069543291418015
 0.5219616353977943	 0.520332696747751	-0.6758771603391205
 0.8236436281873946	-0.17700062862305546	-0.5387782022440666
 0.3568439253169284	 0.5368515717516369	-0.7644951293973059
-0.8117914801601501	-0.562131537689948	 0.15812250653758064
-0.13679409810196855	 0.9394310015917402	-0.3142558956850434
 0.3966137981414502	-0.8036846950143998	 0.4436083927558452
-0.656860244366317	 0.22510413691303674	-0.7196268108649504
-0.8606078484684083	 0.47547635610975647	-0.18241810747610843
-0.7108048732386133	 0.6056379945570636	 0.3577136448741327
-0.23834410796768052	-0.8947365845241879	 0.37767516533534673
 0.7103142746119369	 0.5335284847493171	-0.4591306864538849
 0.9630604024716853	 0.17866877484414137	-0.20147488698785532
-0.10288539503954743	-0.6095269334298393	-0.7860607565011577
-0.10813253087329354	-0.8397791274321713	 0.5320510998919157
 0.10318408209149353	-0.25276120127264534	-0.96201082131863
 0.6525580398718026	 0.7489946408811857	 0.11478254453502301
 0.2412696557811949	-0.6053171233217578	-0.7585381555417601
 0.8372903917062747	-0.20634720718982705	-0.5063256166157422
 0.5191596309044936	 0.5565273954134364	-0.6486528623180867
-0.7720980091875113	-0.14067040505632672	 0.6197390590804897
-0.5483158410087214	-0.41779786686790016	-0.7244271398419104
 0.6113269548467368	-0.03061764696297248	-0.7907856308584942
-0.44385164470576266	-0.872636341236405	 0.20371925153389414
-0.8767512379246601	 0.12234327278923461	-0.46512298416740805
 0.0803702873760968	-0.7449166121256283	 0.6622989188322443
-0.3246824285139187	-0.7190088359727249	-0.614497855494591
-0.32384261665491665	-0.9145089024304102	 0.2424859315787682
 0.3928954113740833	 0.020252919176930683	 0.9193601117005255
 0.7849872474282341	-0.6193894471249394	 0.012318042267605911
 0.0185209065367655	-0.27253553987821233	-0.9619674399502032
-0.8680474873818963	 0.2446182266020071	 0.4320364369634415
-0.08029835508898575	 0.4676087908584253	-0.8802807466268501
-0.16707909134070115	-0.6837114996385282	 0.7103683287554425
 0.6817532754327639	 0.5550359896694465	 0.47659995972341007
 0.8340527063423006	 0.5509324138905338	-0.028802054923799947
-0.6419170606820107	-0.20557103928328302	 0.7387036178423378
-0.8232623943508659	-0.45139413979414295	 0.34421266770295533
 0.5471119815942628	-0.6837435990101313	-0.48286972405470996
 0.386431827390191	-0.3574178662212669	-0.8502487351861889
-0.5460164026067353	-0.014981552236833796	-0.8376405202573325
 0.39604902176990336	-0.873602593986515	-0.28277850012887273
-0.5566013157319867	-0.8041201928190249	 0.20877186310926943
 0.8616250903440648	 0.5042093038597764	 0.0580963130570431
 0.38316179302752473	-0.43356846975061514	-0.8156012643455393
-0.3970876462571222	-0.830154101613154	-0.39136372949576703
-0.121064874558333	-0.4864012311798481	 0.8653075398116574
 0.30118968796018203	-0.7687931992278312	 0.5641292304848993
-0.8297816540249818	-0.5070859177707735	-0.23307998335794022
 0.9960609561115106	 0.07000427862043895	-0.054424008351603215
-0.7225936003635433	-0.04273917126718687	 0.6899506155900188
-0.809226341672075	-0.25637562328939467	-0.5286059664126055
 0.7024290274307463	 0.48227426807170315	-0.5234548612617891
 0.697971865831584	-0.45760243278088536	 0.5508496056280632
-0.012562124511657426	 0.6224144764739357	 0.782586999958107
-0.3292647275524752	 0.6020233225692629	-0.7274287994521933
-0.335235288015576	 0.8685713747933559	-0.3649672157313497
 0.40055667362812714	-0.2894152417569629	-0.8693636575396564
-0.9480241630215709	 0.26137605205578435	-0.18147381557398812
-0.4763687994534539	-0.654032468002809	-0.5876344932910507
-0.6339579759079683	 0.2733915728534334	 0.7234323276405317
-0.7455147246904344	 0.022865646773319242	 0.666096807879593
-0.06357247145928066	 0.5799380390280974	-0.8121763427734177
-0.6017451279201554	-0.6008954601191014	-0.5261439413626361
 0.23093174543442888	-0.9697704618394597	 0.07884022002943136
 0.39671145247888423	 0.28377903320517744	 0.8729773672812078
-0.3484014279175739	 0.31103311912500237	 0.8842368708849273
 0.9698769518028282	 0.13559111901770093	 0.20237032095932994
 0.6859808830864312	 0.44305196040990985	-0.5771786451497454
-0.2830459212443704	-0.34921907205042396	 0.8932698619024189
-0.31838108882728916	-0.9455834444548095	-0.0671225137351712
 0.48844061680698103	 0.38929369871769737	 0.7809456959302039
 0.651041891380652	 0.17137695630543986	-0.7394419480358054
-0.43902758035434075	 0.16608305072706644	 0.8829899229036555
 0.9342425974611003	 0.04009532013015818	-0.35437710760261676
-0.6791682382375321	 0.08905316189166365	-0.7285602504435882
 0.8423609040187804	 0.4406781680816747	-0.3102109919987399
 0.5459485896351024	 0.5159080901977633	 0.6601355769415393
-0.7527535735610781	 0.4358550447347201	 0.49334819090610016
-0.404035404803563	 0.8389207039673017	-0.3646470130416921
-0.6357265303984471	-0.6923137939293146	-0.3413991641506333
-0.7982580987124536	-0.5973876820623315	 0.07688930458895693
-0.3279964772146706	 0.9375351849185362	-0.11595726788145777
-0.04193770327830372	-0.6583138845800358	-0.7515743864800639
-0.3051942520877291	 0.5334302448582355	-0.7888654146070129
-0.9476729236001141	-0.15312021990957528	 0.28012537930372483
 0.7179680886775626	-0.2831748443773293	 0.6358724959868629
 0.5367011252036791	 0.5037061127673281	-0.6769283966313813
 0.7574380349771019	-0.6073031439731432	-0.2397300867441594
-0.739932082494062	-0.47560131402203404	-0.47571409837896894
 0.5238896516600758	 0.7327791951267533	 0.43425140652952643
-0.24492229240481164	-0.471291595618946	-0.8472882051475281
-0.39975302189001577	-0.9136591679540104	-0.07365084047983372
-0.5010619378140129	-0.8120028979591264	-0.2993129268508914
-0.2601381585387297	-0.2290288545595376	-0.9380159498916982
-0.7217692226664042	-0.5591435904402078	-0.4079309187609683
 0.017458012145709672	 0.19320041575196417	 0.9810039842758991
-0.49806272259593304	-0.8311239397581642	 0.24731866310732387
-0.3440778144967138	-0.6351222843709181	 0.6915418580726922
-0.8665637795296408	-0.3891060525743217	-0.3125119131446563
 0.6238280196768728	 0.6492191225696202	 0.4351472541059678
-0.6909478126223109	-0.3984236456423522	 0.6031995679918061
-0.0014577597588399964	-0.23718226079061092	-0.9714640755595341
-0.2667956494268959	 0.41180557693280595	 0.8713416369334819
 0.5628122990026073	 0.16380223386831305	 0.8101920415994903
 0.3657992496023822	 0.32701475929845464	 0.8713508226835549
 0.17363972425973598	-0.8978792997886881	-0.40455161496399694
 0.780568240651531	-0.5071354021090049	-0.3654133352984146
 0.4730695037260563	-0.14838858061865057	-0.8684388716463383
 0.06768999603373277	-0.515105259921259	 0.8544499023573036
 0.26397532732702744	 0.9629420047499816	-0.05531475436694189
-0.5349705459705071	 0.8398978461108115	 0.09153208750179997
-0.344304358253686	-0.4635319294931577	-0.8164512595543396
-0.974857941145061	 0.18293446610330596	 0.1272280460351065
-0.39635348475855653	 0.12176754858890851	-0.9099871313542827
 0.33652288093889554	 0.8738620404701276	 0.3508810123531496
 0.14102697465131328	 0.3242429769266359	-0.9354025252983076
 0.9205188819839547	-0.23821782967296296	 0.30967281691635984
 0.9693003004352037	-0.23975032033088026	-0.05455924740558893
-0.16289048090729616	 0.41977860781639853	-0.8928900333465013
 0.275338955076832	-0.28558913204633635	-0.9179473337148589
-0.5573449859408613	-0.23979125366641538	-0.7949004474219836
 0.1415099114758613	 0.31229397592836955	-0.9393867241732474
 0.04099013273196472	 0.7724489795952334	-0.6337526196718233
 0.6548798100156501	-0.5881676376804538	-0.4745432165980883
 0.1977782259787689	 0.1596851435335866	 0.9671527429849687
 0.738559245351878	 0.5092811186746667	 0.44177254698175217
-0.32002923197932265	-0.6156435564528743	 0.7201140896252354
-0.4015094450581799	-0.8432212891338264	 0.35744653177861463
 0.275877696164779	 0.05170396559760166	 0.9598011235148123
 0.3580810354536877	 0.5596771323759403	 0.7473549889736866
-0.9324446243022128	-0.35162953543906583	 0.08308846139393888
-0.01941432775461999	-0.7692232225354799	-0.6386851476196762
 0.878044400932012	 0.06319665510173984	 0.47438825109386507
 0.1436019910672139	-0.9246460099707443	-0.3527155006612468
 0.4937952645789486	-0.5232375382534896	-0.6945420903313451
-0.7448066005047597	 0.6314560899558452	-0.2156996390868995
-0.13075134184133164	-0.2150932138236702	 0.9678011138522709
-0.5517002820696053	-0.7499462653685249	-0.3649758866337882
 0.36994291715511135	 0.7278241925982749	 0.5774202825632606
-0.16420303771361258	-0.06423587148004357	-0.9843328274627547
 0.9271611454686983	 0.37439434186273834	-0.014180518831780287
-0.5386138153925994	-0.8386067011306461	 0.08144911716527026
-0.22493391981294564	 0.15352597420946995	-0.9622029447889964
 0.9276467939280377	-0.15746890243344291	 0.33863693017956487
 0.2585162615951495	 0.7840564473097851	-0.5642914405897241
 0.5039314427541497	 0.27258508771806944	 0.8196038500138061
-0.8210820640055944	-0.2725824877206209	 0.5015207189701643
 0.9479121907439847	-0.1195755376825427	 0.29523578615552415
-0.46682125772936095	-0.6227689283361407	-0.6278827718858291
-0.07711011245395442	 0.3007040245825663	-0.9505951399818884
 0.2868229133897847	 0.631973829249142	 0.719959509624515
 0.6751542938022406	-0.22313552939486614	 0.7031196307045271
 0.27415682580234135	-0.050764707159981534	 0.960344198385634
-0.49606228355646187	 0.855468445393334	-0.14864706444817744
 0.3996833855557997	-0.0936298383406652	-0.9118588951602955
 0.30852055779885657	 0.3991107734561504	 0.8634382756901131
-0.16058379120976163	-0.6034871126706464	 0.7810353070387703
 0.37890635091147856	-0.20831746708551505	-0.9016838748397482
-0.760596070880511	-0.6133113679927222	 0.2129384485057233
-0.511022789632617	 0.8595663302124819	-0.001196846332985002
 0.49975190740817027	-0.10625610664114521	-0.859626471697656
 0.038600483950898316	-0.9977702841677788	 0.05444687934589565
 0.6129861388008433	-0.2666996294689348	-0.7437199078142027
-0.6588673192400731	-0.5949014123367992	 0.4604195534912492
 0.7846971076236415	-0.42613719698863367	-0.45017500889072193
-0.2961241672960065	 0.7811116075806183	-0.549704587979825
 0.8138042774801701	-0.23261576728591232	-0.532552816878255
 0.19310728278573688	 0.6403101166041899	 0.7434463880532598
 0.05897239175411355	-0.2719695885813197	-0.9604971628785308
-0.4553164811938896	 0.5784494004713303	-0.6768184343290105
 0.26808240025308755	 0.508091205031013	 0.8185200999637556
 0.5448199497404329	 0.82496362575424	-0.1503537114515321
 0.8245599169575193	 0.19587008112448784	-0.5307879564075428
 0.7905922553591752	-0.17055367615280295	-0.5881116639864046
-0.537601956028283	-0.019937831958542138	-0.8429630002149306
-0.09278489702360307	 0.25068432838911464	-0.9636121265241622
 0.8547007871320457	-0.1350841738543951	 0.5012372995397858
-0.1227000454785099	-0.7865138486302007	-0.6052608237383956
-0.958614467436865	-0.1921649934914352	-0.21007360161898636
 0.4443775648163135	-0.7372327558640314	-0.5089365810875148
 0.5389307377641015	-0.5901492686861838	-0.6010636410249781
-0.44476547951938056	 0.47370839446832763	 0.7601210595938879
 0.9557122694248492	-0.2810805150146312	-0.0872227157907508
-0.06124499854289352	 0.2353304768882414	 0.9699838229584212
-0.17289154774898222	 0.7079266301171521	-0.6847980717612558
 0.4280488598147659	 0.6771642711245338	 0.5985171037853954
-0.6011269723974809	 0.032109770573410946	 0.7985081876161078
 0.3340674303910938	-0.05717226170524286	 0.9408136289634621
-0.8087628653722492	 0.53920894571113	 0.23485387043853656
-0.7322902311777277	-0.6728320166780274	 0.10510991701380368
-0.4573053921589919	-0.29056587201283773	-0.8405017860324449
 0.9607753243926406	-0.0727763093584258	 0.2676086411803309
-0.2111429329815009	 0.6084666377122941	-0.764975171259215
-0.39604567973596133	 0.021412542076361347	-0.9179811123352748
-0.4913466282800338	-0.7722467840547939	-0.4027572412693172
-0.8288561650174635	 0.5590098839654285	-0.022481266456797044
-0.5130977366434407	-0.3743406501019679	-0.7723987249682733
 0.914847986477358	 0.3324228715499366	 0.22923393315305263
-0.04491039462332713	-0.831573620086985	 0.5535958551418207
-0.26195888153050473	 0.9536293924315425	 0.14821783387276377
 0.9603162055396223	-0.23371513563223484	-0.15221701860957637
 0.6371878270504271	 0.597597154577384	-0.4866922168062373
 0.17998515230247675	-0.7130073980945996	 0.6776620066176231
-0.732720736042802	-0.5059468340971126	 0.45512429515463504
-0.07357696167693331	 0.7539287806585453	 0.6528229655925948
-0.4666658702572286	 0.6524250057431504	-0.5971302851288935
 0.21031382187486056	-0.008141840790959157	-0.9776000239141385
 0.6717518338251006	 0.6119356781248283	 0.4174735914887562
-0.7085515363405354	 0.03073531222991885	-0.7049894048364105
 0.06754816553227655	-0.9632368765280074	 0.26002300865460426
 0.07145541313444076	-0.15705716930547875	 0.9850011012702151
 0.9066296568992084	 0.4051799963636687	-0.11769382217245328
-0.5991092662415893	-0.7830491086500365	-0.16703945805062848
-0.9364970242260152	-0.1358056163769773	-0.3233112404112908
-0.4114314347878015	-0.8164648217923979	 0.4051041461697955
 0.5668331996203534	-0.2485870950389849	 0.7854327342224994
 0.06454863357547344	 0.5304267844960782	 0.8452697203808321
-0.790519506923428	 0.6107844633118706	 0.04495829790339689
-0.6077696263214912	 0.3008709081343814	 0.7349100475292385
-0.47704219816213617	-0.8358742520726012	-0.27156026199484096
 0.6419059052350735	 0.5902960084202717	-0.4893949644892508
-0.5031549236949949	 0.15878960640304962	-0.8494827741984228
 0.5419169515202128	 0.4721672326125769	 0.6952583132203598
-0.6355055117777044	 0.49897169156621446	-0.5892028475115414
 0.450316673702368	-0.8342123392727054	 0.3182839398882633
 0.34537983342792977	-0.17607676781486212	-0.9217970180561263
-0.6931196466626152	-0.639954582694261	 0.33172773097663333
 0.37892558499041906	 0.7487473358543222	-0.5438683922519525
-0.8769696474974527	-0.22123802578041815	-0.4265887637022059
-0.21254083607079877	 0.5869311865171944	-0.7812414321423591
 0.532315798048229	 0.8386742077778351	-0.11517579761606989
-0.9253897913480399	-0.18944785764280608	-0.32827312302925793
-0.5230900407281502	 0.5635490191903735	-0.6393663365087265
 0.9132220583087882	 0.23316586112788165	-0.33415438561053423
 0.36616490256324613	-0.8456549875714654	 0.38831804764439326
-0.0949954043352172	-0.6877704144003396	-0.7196858552387797
-0.03159991634267712	-0.4930533616354575	-0.8694249984139577
-0.9463144620681238	 0.24775407958987627	-0.20762190377532597
-0.8028542131119208	 0.08414639694953052	-0.5902071639423316
 0.9332751101720378	 0.31993480681896336	 0.16321546531834286
 0.5945709848219336	-0.6812995364614661	-0.4269851117138248
 0.16857410310403023	-0.6891272869798349	-0.7047597846802014
 0.9748299394536872	-0.162606637458072	-0.15253088408351823
-0.6467368886167554	-0.3926116717867496	 0.6539017296804865
-0.5245420661346558	-0.8493288973195016	-0.05912736281304798
-0.524150661437995	 0.6875391229554143	-0.5025495383738923
 0.6373304238048392	 0.744887319841002	 0.19736466662711694
 0.12937440656969793	 0.3673817127212635	 0.9210281972245635
-0.4909500151998311	-0.7209636969022954	 0.48905974105855465
-0.3682300501242873	 0.46832888210883283	-0.8031654178113969
 0.09461822366281926	 0.5989916908305432	-0.7951454873586719
-0.09287995293908806	-0.8491078532756356	-0.5199895843646047
-0.6188531625577832	-0.7616139270078969	 0.19226281330470463
 0.391234846620732	-0.9080286903163389	-0.1497303988909624
 0.7394626861330428	-0.595116454047132	 0.31469245612069074
-0.1804900698884565	-0.4546278733800238	 0.8722022881290883
 0.27271496459431677	 0.8723634651011429	 0.4057197713238132
-0.7442221056193914	-0.254761670237357	-0.617438214629862
-0.9703412464917548	-0.17531320698527866	-0.16644261717890774
 0.08758840514539895	-0.30204749419714616	-0.9492605451262106
-0.46863797334754353	 0.8035715607252825	-0.36694849329332424
-0.4454359518708129	 0.7964224061118623	 0.40902098213164395
 0.32972658815044736	-0.5306696120239291	-0.7808137677711875
-0.15696516598679483	 0.8586764899199408	-0.4878899694864689
 0.04933724360904344	-0.35176290103295366	-0.9347880496935883
-0.5437382223645177	-0.009010163060482412	-0.8392065076615516
 0.5253559829433199	-0.7455015945633378	 0.41015663311615347
 0.359123534782287	-0.8879093302904061	-0.28748444818584207
 0.07522215460190453	-0.31716836798615994	-0.9453813271934468
 0.2345106634261352	-0.9671628568539539	-0.09798345299861633
 0.061242117937949245	-0.9189377022805231	-0.3896189193530868
-0.5231831968368486	 0.8303298808515769	-0.19191568855250396
-0.579462924569187	-0.07572225178282588	-0.8114732648921115
 0.9481062464288007	 0.2911139692831769	 0.12785617846190966
-0.4728838150333632	 0.6822289724909983	-0.5576240010736342
-0.40820074596534456	 0.8756759024165013	 0.2579997382176622
 0.2732512668066456	 0.4011823805282727	-0.8742919665319084
 0.5207401800517953	 0.7863070421398566	 0.3324919553325969
 0.17784240164248374	-0.9771227641513347	-0.11663268819369876
 0.6592175826857957	 0.3405947186555577	-0.6703934787136865
-0.9661476688088355	 0.2170211002929542	-0.13950098237248376
-0.45514060278516033	 0.6230660991120008	 0.6361097922793795
 0.35068689474835407	 0.26473345361732714	 0.8982955529154084
-0.201846903450366	 0.9784030618152231	 0.04455643834616074
-0.84502456876205	-0.32876262149689256	-0.42172101784829574
-0.20852208818564133	-0.26991809164356717	-0.9400333837381492
 0.06690146293782634	-0.9806874900501164	 0.18378313610334795
 0.23169836315799694	-0.7617229405108592	 0.6050570472355437
 0.39409351401863946	-0.5072059463461389	 0.7664414068926326
 0.16049798324316458	 0.654772565741977	 0.7385887113451879
 0.5559670817780924	-0.8288228980655507	-0.06287453873686744
-0.3018421078701484	 0.4522074948029673	 0.8392852456468718
-0.8045572833166903	-0.5363043841929945	-0.25507878264849815
 0.30568040484999454	-0.9415108044661492	-0.14183404092194563
 0.35281741375151215	 0.010762879195515702	-0.9356302864834576
 0.15884374552671401	-0.94221037059879	-0.29497166311890943
-0.8915272166853628	 0.35579305983244197	 0.28034000871141895
-0.671668716098157	-0.4201313304022212	 0.6102055399859239
 0.30166430738424455	 0.9177136483033587	-0.25845755041809704
 0.6854116512870435	-0.39857386702504616	-0.6093847231467728
 0.8224113857224518	-0.13692996368784469	-0.5521681787992878
 0.9049907054869272	 0.42242419996670544	-0.05049374480826896
-0.36137071059356557	-0.8963303125392793	-0.256910841243299
 0.33771246901495433	 0.9398007321230607	 0.052200308167505094
 0.6557998885520429	 0.6373500822333771	 0.40461262814232035
 0.37775246927130796	-0.7415199665425224	-0.5544828321762596
 0.881033749455181	-0.1408799333254464	 0.45158872517719395
-0.7699754198942822	-0.5764674183684826	-0.2735382392247938
 0.3135608091719142	-0.568417377018829	-0.7606453210626414
-0.44443307984675917	 0.8956666066582315	 0.016142095751575658
-0.22551998462437844	-0.14882433784963464	 0.9628042651539501
-0.46002863869044386	-0.7607973795759013	 0.457778329341898
-0.8920177418753669	-0.10936418663290118	-0.4385702028885401
 0.8546602609130932	 0.4916143122670972	-0.166946717218736
 0.5639488958988694	-0.20536638391621928	-0.799866420830142
-0.9284127531577167	 0.3256198687068469	 0.1789454131221151
 0.06525802040521768	 0.08683912290479963	 0.9940826713638646
 0.45935476114493995	-0.8682214077255184	 0.18757609277462373
-0.7141880115068746	-0.43612252241296634	-0.5474784284919436
 0.43895355484116366	-0.8120863630818073	 0.38449384336926506
 0.7961142100283649	-0.5574009288744725	 0.2355978970211483
-0.7933465806550044	 0.055798945937613635	 0.6062076216901795
-0.4974369917234948	-0.830727331861484	 0.2498970575324564
-0.9838142315852422	-0.11705605091195635	 0.13567401621252784
 0.5630060412404538	-0.813187850906581	-0.14747785143772862
 0.043064560700100306	 0.08823292555475323	-0.9951685256577183
-0.10993643211202442	 0.08616969247505768	 0.9901963264894655
-0.7623597545039018	-0.3176477867490004	-0.5638328549190905
 0.8449107923807986	 0.2572160080727885	 0.46900498729709716
-0.5540176878208775	 0.07288214950270944	-0.8293085034325125
 0.31691550136626306	-0.9196323427114159	 0.2320364609988761
-0.437135929137848	 0.7590716215779131	-0.4824131556786857
 0.8538884308439217	 0.0654848769086813	 0.516319938184804
-0.344791579582701	-0.8664080792291228	 0.3611866648913937
 0.26885077399068696	 0.2396189149561959	-0.9328998000427613
 0.11899358924953057	 0.9901460515206743	 0.07383307101517933
-0.9543425077143757	 0.21571920157218186	 0.20662914615924177
 0.5995434319082145	-0.7384745267192664	 0.30854990948382355
-0.8573719032386298	 0.0319534750213481	-0.5137045794725115
-0.8317081610428678	-0.5549636801908547	-0.01663876569081424
 0.044795010778821094	-0.4437041063590199	 0.8950531118372076
-0.021371579819496445	-0.8139604328889649	-0.5805270616148981
 0.9664008996720328	 0.2059848827590711	 0.15375151767646789
-0.7966075643060145	-0.23145989607834458	 0.5584287823866538
-0.838128253351141	-0.2039988944711437	-0.5058907806919559
 0.8224703128585973	 0.33630343885253366	 0.45874021132035203
 0.22991153221190638	 0.8333175861074227	 0.5027151161841781
 0.08393846491192913	-0.5026901133543222	 0.8603818826800385
-0.19628581861785324	 0.9749537202813929	 0.10458068999098535
-0.6997621684361176	-0.5043447909668336	 0.5059340267764203
 0.3724029884650145	 0.7344142603828253	 0.5674078853247229
-0.4749601841650675	 0.009548680320316754	-0.8799554796477067
 0.8446057234228337	 0.25059333384641325	-0.4731217105493384
 0.624670833152041	 0.6203637846719222	 0.47427325971075374
-0.5748058170534872	-0.6733932378964422	 0.4649083994044616
 0.5769364588425563	 0.1533063241493047	 0.8022727051533285
-0.9277928383601125	 0.3251095887233843	-0.1830415373837262
 0.6570200809989579	 0.7536246668653198	-0.01935134766000779
 0.5611243271188814	 0.825634783629169	-0.05887863429970386
 0.658598874389083	-0.6641672597315644	 0.35373630539442424
-0.7714595394788047	-0.45069131752306985	-0.44914086348991855
 0.6302346556966374	-0.7629182897407095	-0.14408317715143393
 0.3310441161837199	 0.29928414145609905	 0.8948959692685097
 0.9750425526662769	-0.13916247481315613	 0.17299082661779575
-0.49906436964194556	-0.8657276533064743	-0.03808392383083192
 0.33836466462303666	 0.21770884729051201	-0.9154846866802178
 0.1692809618631744	-0.940584066879971	 0.2943561942310928
 0.3433210263306907	-0.4163319630535814	 0.8419016388030092
-0.5782464514772684	 0.5364203945866631	 0.6147228657089596
-0.034927108007005915	-0.842515827688085	-0.5375380704855499
 0.7704849197725026	 0.21391445437062423	-0.6004944584377763
-0.23353422120201317	-0.48541497708080467	-0.8425165087719118
-0.4080783821070489	 0.8860171486234117	-0.2201037173746332
 0.14657399405401283	 0.9603395721895823	-0.23720027477594607
 0.838619984004034	-0.45802961317637014	-0.2948311311286145
 0.020183996973944303	 0.0775695048049807	-0.9967826133066657
 0.5627166871927345	 0.024374799279093997	-0.8262903842566109
 0.9529329797945187	 0.021060997018359968	-0.30244862443815435
 0.40491043119690295	-0.7532451431990586	 0.5183331910605069
-0.4594896601693712	-0.6558804596399425	 0.598907400905961
-0.3460036934313615	 0.5312460859158287	-0.7733427702713518
 0.8565978803132959	-0.22313137901073027	 0.4652445154362794
 0.4279073576363565	 0.8023705114201851	-0.41604910249149896
-0.9805720536013693	-0.10103110587914203	 0.16814030849510941
-0.8828499865866902	 0.11645413629563338	-0.4549882804243628
-0.49305866104943513	 0.27033559820126396	-0.8269291512029933
 0.5043090435245472	-0.5407251918875302	 0.6732671501547882
 0.7648593866714145	 0.31414166725971565	 0.5624101097170229
-0.95447284252572	 0.12560761718836022	-0.27056296750504205
 0.37173122139049075	-0.101801019788421	 0.9227418118919135
 0.028303119640803544	-0.835517716862325	 0.5487340687689859
 0.9370142511912875	 0.32838415565760676	-0.11902999360443323
-0.06450809788903454	 0.9745430452646848	 0.21471972017719576
-0.25470819256865634	 0.4627618341400501	 0.8491025977476132
 0.9533133519708888	 0.2073178566322965	 0.21957449595847534
 0.26354392650623504	-0.8889743189037739	-0.3745253784875564
-0.3790289379168636	-0.5990507073222461	-0.7053192995220894
 0.1875495263622886	 0.392176704691688	 0.90056793605949
 0.24847207295033702	 0.9636747184713599	-0.09794215610710011
-0.27138412165285664	-0.861835407954358	 0.4284744894516508
-0.048997399566114	-0.07017711124106997	 0.9963304812629277
-0.4027027823203394	 0.6440159497433339	 0.6504413313955755
 0.4409475594911284	 0.8027471732816931	-0.40145015327817357
 0.7052144563329649	-0.7011497588720842	-0.10517407576308435
 0.24913387755143648	 0.04696272263396404	 0.9673297337200957
 0.7259356355044327	-0.6840025272037379	-0.0718191888263533
-0.5461404941605853	 0.785673016788016	-0.29060019155060757
-0.8775523003757504	 0.2567882203339987	-0.4049219307507641
 0.8582580797867205	 0.5115925570564187	 0.04081818277785265
 0.051563444334440676	 0.8963556735445473	-0.44032683056210664
 0.5448622216028403	 0.5941249748990833	 0.5917268573177838
-0.24153930301955007	-0.6158801299382287	 0.7499002804667434
 0.6809060606273262	 0.6387249265252559	-0.35832583612723545
 0.09481526025569555	 0.046245604826538354	-0.9944201377973358
 0.8657956830258698	-0.14420679443543966	 0.4791682749227275
 0.7617639266507528	 0.06473991666933418	 0.6446118702314394
 0.27635767380489074	-0.9124603350864946	-0.30173261842729526
-0.6036706473047183	-0.7750363589260663	 0.18681646588384093
 0.44358914492038665	-0.8358677355356051	-0.3233477991256164
-0.864308889442359	-0.3937996090636283	 0.3128769910559892
-0.47759340435640624	-0.8496074417205166	 0.22376714479202975
 0.6565364105968419	-0.24390578939559437	-0.7137716073506475
 0.638544005041243	-0.5323641859329643	-0.5557426807091761
 0.8157218638373881	-0.23484335072719684	 0.528626939794862
-0.8280594200578087	 0.510807882401671	 0.2310690462390972
 0.20431181414359634	-0.5414560817851806	 0.815525593773238
 0.19294801372988116	-0.8534050529086508	 0.4842219322456147