-0.42786150318530297	-0.8733905065021349	-0.23264470173197094
-0.471410299726757	-0.5544933696786	 0.685791099602496
-0.423200526579863	 0.374384285820875	 0.825068312828047
 0.34273260835416913	-0.20953417510743302	 0.9157673223219942
 0.3773566195960899	-0.7209838592282829	-0.5811920993779109
 0.3731575862665742	-0.8708143679511683	 0.32005585822089216
 0.7138267802499578	 0.6204113828345599	-0.32487081101152787
 0.6596330232983781	 0.4820979370278021	 0.5765985203655821
-0.793085411447944	 0.607938708775409	-0.0377631635450997
-6.54624894904981E-4	 0.972105552433993	 0.234542888174526
-0.551267880585189	-0.149901035597535	-0.82075173064813
-0.18705792932228307	 0.7061812974414823	-0.6828742975259243
-0.9787821032385146	-0.1997627206609589	 0.04561194815091708
 0.3921452590326111	 0.040244143926977206	-0.9190225811686192
 0.9744683834871165	-0.2244832661960119	-0.004316570626853419