 0.4619120950114001	-0.3698688552083941	 0.8061229722747092
 0.7265549331241871	 0.5811595306991031	 0.3665672230717121
-0.00476236595720953	-0.430726825938741	-0.902469789681199
-0.5555740633332068	 0.19264230911553792	-0.8088426304851046
-0.86657693433745	 0.338635591694962	 0.366565618834759
 0.7192910752193834	-0.1544482434029381	-0.6773227363816234
-0.9115654782495107	 0.4111549329167109	-1.4127030165856998E-6
 0.37540193342841	 0.211236789678369	-0.902470169625893
-0.60270724291197	 0.10940958734708	 0.790426164507472
 0.24674307760383707	 0.8737580376794521	 0.41912378272431605
 0.4289426362672482	-0.6354547389515802	-0.6420323119096752
 0.4388893119179489	 0.6299243067527739	 0.6407585658001199
 0.5837973262912632	 0.7329262168765582	 0.3492847583708581
-0.9316622132560338	-0.19529797605367094	-0.30637268308419496
 0.5058710500919669	 0.6757901244587518	-0.5360990471572169
-0.0047617741912715505	 0.11929383728237902	 0.9928475743501602
 0.620530387205696	 0.758576195696385	-0.198756619706487
 0.3260835338260552	-0.6950504184977244	 0.6407608326931744
 0.48808659805120536	 0.05646017739024674	-0.8709671183069215
 0.311631082173951	-0.0401304481224006	 0.949355368529924
 0.6682428309589457	 0.29226855841941285	 0.6841276259817407
 0.9403216592810688	-0.3345609346768259	 0.062162352554150584
-0.7361747897525558	-0.6597674229858178	-0.15084305253949595
-0.64626959248716	 0.347725909800168	-0.679280726563124
 0.444620700281843	 0.384819656243935	-0.808842546512721
 0.9920720150095332	 0.05668590928626691	-0.11215981777496603
-0.06974634420103429	 0.4430402676417859	-0.8937845202947328
-0.7649759783699023	 0.06512811220176751	 0.6407574279850721
-0.9178607340411148	 0.34760749115171496	-0.19157428063473594
 0.8708817264675447	 0.4560702652448478	-0.18320734609835693
 0.555470803304015	 0.814280292377521	 0.168522378699007
-0.12106236043106705	 0.2899492210324221	 0.9493541773803654
 0.11157678676025998	-0.042473451008739296	-0.9928477358667158
 0.31250348714691006	-0.5359055398221761	-0.7843129623491653
-0.850533386849833	-0.345856156532303	-0.39620257046422
-0.7176229511921943	 0.6025086536801322	-0.3492858745537242
 0.12399874348982903	-0.7233260660240021	 0.6792817632052142
-0.9440622686640245	 0.2741933070641789	 0.18320606771104592
 0.0824671124850944	 0.731049594300237	 0.677322423984198
 0.20883952199523	 0.444750214119468	 0.870966877150613
 0.30812154322846197	 2.3279199441708694E-4	-0.9513469716178208
 0.4274523752305741	-0.8881913012454872	 0.16852501090814104
 0.5644190589420046	 0.46905158561387267	 0.6792803073372096
 0.6899853127516768	-0.06676880627597008	 0.7207372577406089
-0.39595933465261285	 0.8883352159511405	-0.23254408055786088
-0.29431966611637905	-0.7079326278746091	 0.6420337440724541
-0.375469749959755	-0.876201899238854	-0.302146816358181
 0.516241848203986	 0.8562782926557	-0.0167880817716732
-0.9768571475432603	-0.19664848210936206	-0.08413969204679271
 0.8016366908313354	 0.2645300052743301	 0.5360993305559603
-0.216522280196378	 0.47396889161888	 0.853505472715982
 0.4374503367207502	-0.8164073738799813	-0.37698302717402915
-0.9133272838890347	-0.36259318555894393	-0.18536303377452598
-0.0260986834735532	 0.631968107781059	-0.774554820182907
-0.4895857654513809	-0.041512380223063784	 0.8709664175819879
-0.4659298809407367	 0.6088544548428115	 0.6420323970522156
-0.829877879602602	 0.20558972889249	 0.518686387251682
-0.24060641424366117	 0.8174568892253226	-0.5233285657050133
 0.7117187698233239	 0.4500927201530739	 0.5393263723816789
 0.651582595492445	 0.658379921508015	-0.376797027863051
-0.769268118384648	 0.515995894941056	 0.376795433147646
 0.7247870533446852	-0.5636571043796241	-0.39619994445520307
 0.7695339042043046	-0.6376907370259445	 0.03417739298700832
-0.09982199987950614	 0.6245814116259413	 0.7745538254965904
 0.09971240197957833	-0.9950162998110113	 1.3663176701283603E-6
-0.512140305172381	 0.28894300222563	 0.808841300430919
-0.06917251615329524	-0.8521609824968835	-0.5186875966504003
-0.9266318295683982	 0.13912025053574303	 0.3492835643450681
-0.827426790098401	 0.425432288593083	-0.36656824037266
-0.20328659434470392	 0.9674300973993726	-0.15084285599779795
-0.8680983822375632	 0.4579362072353841	 0.19157147193514307
 0.6141634482322353	-0.7811675182077004	 0.11216312831190305
 0.6333239871443669	-0.6505636920666339	 0.4191272001101719
-0.68842101683065	 0.254276559045535	 0.67927898179306
-0.37063778416597887	 0.21948892209829193	-0.9024700804041448
-0.6713399222873389	-0.07562487084501568	 0.7372812134137859
-0.332738684423762	 0.924622209735209	 0.185361099350223
 0.5929839933211049	 0.6159001084108049	 0.5186878060302889
 0.5067551439246193	-0.4730118781293993	-0.7207350326260246
 0.709489529452071	 0.680484862351827	 0.183207422633184
 0.8306333731380753	 0.5228268713457722	 0.1915731244931151
 0.5271642080422944	-0.6117127767283104	 0.5898350418095564
-0.181680050922629	-0.745935943576565	-0.64075886820027
-0.6276940554578356	-0.7777095798502727	-0.034175753861587985
-0.978702665243488	-0.0384139976488068	-0.201656782256215
 0.22323311868042806	-0.6943617278954991	-0.6841262789560031
 0.5226187484405003	-0.8283752233580264	-0.2016534976265601
-0.0925705403781145	-0.0753921718192899	-0.992847780620209
 0.23457284946176896	-0.9546778907396187	 0.18320945179858797
-0.8552362029519308	-0.5144968143694979	-0.06216160522382259
-0.7719761839223076	-0.28032633960865916	-0.5704997062035724
-0.5451280146996244	 0.8308159886385056	-0.11216167176120807
 0.09826750875398861	 0.29203235305198705	 0.9513467304270322
 0.4011608229453689	-0.5435822995709498	 0.7372843940617168
-0.606855043546656	-0.48073896864087	 0.632943125527167
 0.20973523148094494	 0.12755500029249697	 0.9694023182229428
 0.08935892239100622	 0.5849654312142472	 0.8061206034294423
-0.758714932173213	 0.620361249412216	 0.198755055093226
 0.716159676027631	-0.658056028349919	 0.232545870710123
 0.719758053205184	-0.285180596288863	 0.632945789421663
-0.490993683019889	-0.398736927016152	 0.774554108031376
 0.5434224526246161	-0.6848079757464222	-0.4855204159842661
-0.5876338767121931	-0.6171006395974721	-0.5233289859625491
 0.189806859142251	-0.39987505719294	-0.896701340947752
-0.5710773819863223	 0.7632678099913396	-0.3021471065800112
 0.9671152025890605	-0.17415085456585608	 0.18536360153790407
 0.9030367071153192	-0.2552950779017721	-0.3454694325138611
 0.9119086565730787	 0.4103316982578679	 0.007106298044465868
-0.759898468278629	-0.647062986534231	 0.0621595476591922
-0.6190121511741827	 0.7590516041185107	 0.20165470235981792
-0.379333788472162	-0.454173423170731	-0.806121813753193
 0.488305113607715	 0.787045126591299	-0.376985523241202
-0.8124736651649093	-0.5145645368377811	-0.27406181938099106
 0.5908114961278941	-0.22584169766663106	 0.7745561978566652
-0.35966814443302786	 0.9324542003077235	-0.03417587173118768
 0.812250520851799	-0.121567177828152	 0.570500230193538
-0.6343763098629974	-0.7504717564719106	 0.18536137737557912
 0.946548622892762	 0.112932444748586	-0.302145606327353
-0.199949804567689	-0.587257568730293	 0.784314110304238
-0.302209590771357	-0.42449547867884	 0.853506269354263
-0.3967298358583672	-0.7790209937582824	 0.48552211960285724
-0.30015520419095304	-0.9537426452517572	 0.016787496098821103
-0.39529912024160013	-0.7041558418677201	-0.5898331593762591
 0.23635372909473512	-0.2070332372070361	-0.9493545983638505
-0.6758871362485355	 0.7368139456315135	 0.01678655940551811
 0.569011490321209	 0.22682764972941	-0.790427189057075
-0.415215964351603	 0.807421681572887	-0.419125197373744
 0.432842558119378	 0.763039139736158	 0.480019365350375
 0.7921923031970447	-0.39259982811530686	-0.46722235575707777
 0.506299965290897	 0.299055297762492	 0.808842552062281
 0.10568853817351902	-0.05552172009115552	 0.9928480606300563
 0.425373477716935	 0.122403579206302	 0.896702162511325
-0.712949749054108	 0.153856223227479	-0.684127852011494
 0.005836079836682991	-0.5879952636582871	 0.8088433161543472
-0.4762876713597841	 0.7330887981712861	 0.4855212334249181
-0.348809781030521	-0.281923304216424	-0.893784642515821
 0.3961030816079971	 0.46725509889684114	 0.7904271132087712
-0.26675146686842405	-0.8869756802373943	 0.3769851424008061
 0.4443887579342679	-0.7563712014840228	 0.4800221217686269
-0.47027755123901477	 0.8276327347002816	 0.3063708231101149
-0.7034054176563327	 0.4859864538352738	-0.5186887169587707
 0.2513991430149671	 0.36431310302169007	-0.8967019760533862
 0.7725805254358886	 0.36617278973263384	-0.5186875936212728
-0.9370232089369638	-0.34759121897661593	 0.03417382629770099
-0.285464684405205	-0.829512270365794	-0.480020111318289
 0.3078573524717139	 0.5385864538252478	-0.7843140202017628
 0.8314989150100853	 0.40820757749588116	 0.37679719745772416
 0.31971332998476804	 0.28867141988915407	 0.9024700537797532
-0.15385782952307095	-0.2669580821724819	-0.9513470190510086
 0.8282422216054923	-0.2003577701788441	-0.5233274178551702
-0.4916385507289351	-0.7632990904740322	-0.41912532006390113
-0.34785122924466294	-0.9156061233796408	 0.20165552098239994
-0.402818918477558	-0.564160356268304	 0.720735743065231
-0.49917948621147	 0.862404012548273	 0.0841377423412999
-0.511407221728289	-0.642646394401937	 0.570498260581347
 0.2960143708885371	-0.9551570681868884	-0.0071040354793270935
 0.9487115553116732	 0.26748201880593203	-0.16852226687773103
-0.7060026837663768	 0.6878662386696228	-0.16852373189903894
 0.0611193730332618	 0.308203761167728	-0.949354972516649
 0.8984227837118133	-0.34311226974422515	 0.2740628979969421
 0.861112014862491	 0.167533939778691	-0.480019246365905
 0.1578934418532879	-0.9686949919647886	-0.1915715886086989
 0.9394625939319482	-0.30766400266775606	-0.15084063134683104
 0.996453352246656	 0.00109984801806472	 0.0841398070519489
-0.4412042386485241	 0.03556082167167131	-0.8967018722856622
-0.975197443701035	 0.221222582839576	-0.00710736524697362
 0.9873631111845105	-0.15474575955873907	-0.034173623902553116
-0.297471636497413	-0.101171519829068	-0.949355017396036
 0.118166483137586	 0.507506941590912	-0.853506523993773
 0.8518627973325253	-0.44634215555442924	-0.27405921749839113
 0.2661766153006261	 0.7623963297253163	 0.5898320488821113
 0.5187271980262559	-0.049470046502503986	 0.8535073570432008
-0.017947757319921206	 0.9979047186676825	-0.062161487015343325
 0.770678450485428	-0.609669096428608	-0.185359970914176
-0.9672115469934072	 0.15810524148931707	-0.19875753061513102
 0.33585009277924494	 0.6892004145990949	-0.6420338804896579
-0.8113124133442977	 0.5845696621301687	 0.007104792078043707
-0.7456519360731944	 0.39132084713762716	 0.5393247489461123
 0.489719737531315	 0.540503622586412	-0.684127482742234
-0.663015999139627	-0.202356767737409	-0.720736792064725
-0.620357961685529	-0.00268232940864028	-0.784314225602417
-0.8772330895853002	-0.006666684339647442	 0.4800183974146661
-0.629908907618924	 0.561973520228625	 0.536097501079963
-0.5551576225512641	 0.5303087434818301	-0.6407594327904591
 0.0219971907698042	-0.733549655658306	-0.679279784979516
 0.591871329213111	-0.436942444680849	 0.677325349955122
-0.8800684047212588	-0.22319343418291795	 0.41912324434349196
 0.5829933990922148	-0.10142795966808796	-0.8061209993620526
 0.6791838364155428	 0.7339337966102638	-0.007106232835273587
 0.8730162385996773	 0.045933073978937304	 0.4855232227773631
 0.9068562561064435	-0.04412423195921042	-0.41912382766267814
 0.133705909096416	-0.831415059381298	-0.53932525335524
 0.9760432484040023	 0.21692794386753803	 0.016788222489748702
-0.18042256816859797	 0.9816230863579778	 0.06215957870260789
 0.244384536227953	-0.893477159521345	-0.376795387267835
-0.15426243600513806	 0.26672404500888414	-0.9513471420316875
 0.8524539679658927	-0.5005678576311398	 0.15084446428615195
 0.7821498209167856	 0.5038553845905868	-0.36656705942966583
-0.40985436946440384	 0.13254674347358794	 0.9024692552245106
-0.23042656740267412	 0.9096995795376095	-0.3454710871029842
-0.106686029947114	-0.429584916787047	 0.896702230555489
-0.302042233481791	-0.0609107827971594	 0.951346606517503
-0.78687816553805	 0.299915330967367	-0.539326938739581
 0.6085538355874208	 0.12047021011628695	 0.7843144507570776
-0.9501360167515802	-0.07713588454220041	 0.30214500655700605
-0.2258892149038931	 0.7001477508016333	-0.6773235487103022
-0.9829230145153	 0.0739111983891387	 0.168521459431246
 0.6242753140827721	 0.3858220580511561	-0.6792802600900651
 0.18766371784717895	 0.15824485987113499	-0.9694023382105798
 0.156264130464202	 0.675367191006263	-0.720736206141038
 0.41855836457779916	-0.16111789045254507	-0.8937840459630504
-0.2853206176524111	-0.6123776661076982	-0.7372826725177632
-0.408608049183633	 0.466790163494562	 0.784312696191427
-0.112905789735161	 0.765921293987124	 0.632943010121266
 0.8806002211921902	 0.3202241577062461	-0.3492846106795871
 0.6349641797412354	-0.7091954132433594	-0.3063696399451502
-0.7463557575831729	-0.6065016738486619	 0.27405985247974496
 0.14322048155911107	 0.8087141311570986	-0.5704992092271434
-0.49727324361888786	-0.8635045338652497	 0.08413822659711778
-0.5713402005603752	-0.7870791686391683	-0.23254409800703604
 0.27017504340287196	 0.6192097872152199	 0.7372819578283049
 0.16749005610554502	 0.9852812915035082	 0.03417393332557061
-0.7647895391355203	-0.05374775080952412	-0.6420343761137683
-0.292938846440117	 0.394464855592652	-0.870967456308559
-0.1717298513683469	-0.8265025389599765	 0.5360992550281317
-0.8381867871284	 0.100199829134893	-0.536099714721719
 0.34668247737347885	-0.9166831380550635	-0.1987543314942059
-0.378265981220894	-0.240967238140716	 0.893783887521939
-0.412165726647781	 0.694417964776186	-0.58983311535807
 0.280741420552825	-0.403234259357715	 0.870968648612691
-0.019005682876434594	 0.11786411285385895	-0.9928478407689536
 0.007277864659691792	 0.9885312497494922	 0.15084097902991203
 0.20659988743997815	-0.5766617154368663	 0.7904288408574166
 0.8186414001265446	-0.33395573482780583	 0.46722566836002377
 0.140021083135689	-0.919794210322371	 0.366568829737274
 0.45608546589182825	 0.8667876245954084	-0.20165629583646408
 0.811853870654197	 0.583860679189648	 4.03960152823091E-8
 0.3804324063652523	-0.3560885184698602	-0.8535058003324195
-0.30372135203449496	 0.8664747208041308	 0.3962005786539719
-0.44694290064846	-0.887503185330501	-0.112161221409876
 0.4082665591677989	 0.8614095415738808	 0.30214569060432195
-0.4985962473380202	-0.15141940979896207	-0.8535068508668093
 0.318127375771347	 0.944306891257941	-0.0841395739684927
 0.236891903943924	-0.821488404337764	 0.518689721687655
 0.04321341123366078	-0.2416448610698479	-0.9694020642685286
-0.927973845508217	-0.291185100159471	 0.232541995127355
-0.648857091118478	-0.42233318277534	-0.632944830164619
-0.2036565254873879	 0.5556005573296547	-0.8061216039291976
 0.090136105925174	-0.421214290650331	 0.902471054250819
-0.10093163721851597	-0.06376689693805448	 0.9928477161495017
-0.19057353816644393	-0.2498142172181839	 0.9493548248291516
 0.36942989490008815	 0.9224650097445134	 0.11215996857687205
-0.575645156709593	 0.66197659711596	-0.480020456259483
-0.062231676177748316	-0.9242027002142392	 0.37679780704884314
-0.10059537139962402	-0.9949020390621962	 0.007106611207586112
-0.6726085766147208	-0.6544059886792729	-0.34547142377485096
-0.8647706661715288	-0.12821434802543197	-0.4855231980963049
 0.07361442380886421	 0.8489461348683922	 0.5233272176175311
 0.658730975585608	-0.747659392989667	-0.0841364004361719
-0.152067266062637	 0.949614015635847	 0.274059788915114
-0.6347681363526593	 0.6745016716251152	 0.37698396258501105
 0.21181387630222095	 0.9492412418358878	 0.23254235442965895
-0.300845369153519	 0.764214953470423	 0.570497650083751
 0.7890876831656599	-0.5079262265318819	 0.3454729753212759
 0.6984000313303239	-0.4882238551337349	 0.5233305489995369
 0.5603511702226803	-0.29338139354588716	-0.7745540161610076
-0.16297552696754508	-0.9227345321544504	-0.34928492778727016
-0.195145173234315	-0.450926074230714	-0.870967299582611
-0.6985363459756934	-0.5419870452052512	 0.46722266231488324
-0.31869218527995424	 0.3071851522337392	 0.8967009386013945
 0.12574824162633697	 0.9095114765301717	-0.39620228897343795
-0.08101165415637697	-0.7248489298201918	 0.6841280149426497
-0.4816117112452998	-0.8210887440084517	 0.3063713988837689
 0.9668636760364487	 0.15655446384398197	 0.20165646979903395
-0.0393876040205161	 0.960905236379741	-0.274061568534366
-0.157890504074106	-0.967246774327918	 0.19875680183446
-0.5342493126577939	-0.3385876861493589	-0.7745553890540678
-0.04132072926321602	 0.7730939040537044	-0.6329442415001163
 0.6901804211834768	-0.3507623650603729	-0.6329429274999858
-0.0404707381408474	-0.982240986710263	-0.183206886826843
-0.24270776453648885	-0.9553496702393063	-0.1685228429838189
-0.28717012172278894	 0.6309315297850789	 0.7207348513238269
-0.7933435245692482	-0.15068190429805203	 0.5898313451666971
-0.7360956968882321	-0.48975946259494013	-0.4672245646595901
 0.29669990849842004	 0.9044916105679432	-0.30637247054726907
 0.4834386824893131	-0.8752172826442532	-0.016785363678106204
 0.033931108247560994	-0.8414122532198678	 0.5393274515770149
 0.9166057394062852	 0.34688569515375706	 0.19875671808809905
 0.9022487638431036	-0.1702062415931089	 0.3962032350528448
-0.5985281105983209	-0.6962678193694259	 0.3962009900721459
-0.230876412760453	 0.0833986715134694	-0.969402260994193
-0.9996796877328042	 0.018938290132826902	-0.016788779029101003
 0.1426503147503	 0.972261003113815	-0.185362966974956
 0.332318613813854	-0.775992278895163	-0.536097306473303
 0.34283369814370795	-0.8720456222782608	 0.34928711410876595
-0.0195538106930984	 0.448071978133332	 0.893783615255427
 0.6729958509583571	 0.059091571520736116	-0.7372820157633351
 0.6531748900251461	 0.5314976538341751	-0.5393262528464621
 0.0453334542838697	 0.937334372869415	 0.345469465163266
 0.5418688876254393	-0.7842730521158353	 0.3021487851183281
-0.387672105373586	 0.553285023960379	-0.737282863612314
-0.0880644690336615	-0.606192781789953	-0.790427074814355
-0.5512754419483541	-0.21509342337002305	 0.8061204663867623
 0.9015189098278367	 0.2124745709594239	 0.37698569192800685
 0.951889099426372	-0.00654380047918203	 0.306372846493516
-0.05609466636977842	 0.8823576412435593	-0.4672241232470402
-0.9257534470669935	 0.029360014333839415	-0.37698613343450216
 0.0374651902555287	-0.980762798600237	 0.191574247749922
-0.8959651573895502	 0.23509515962700206	-0.3767979600049251
-0.8344219773444618	-0.42940768166264887	 0.34546925572859294
 0.32135056129347084	 0.8130199392724947	-0.48552280595428277
 0.7599684957878903	 0.6210858804611571	-0.19157300045069206
 0.967300889796817	-0.101257556664689	-0.232542245229944
-0.21533427663973592	 0.11786195835015595	 0.9694017268799906
 0.11095611541012197	-0.5774631629300219	-0.8088417866999398
-0.4809441818960199	 0.3793640147067719	-0.7904275034726008
 0.04527887821009168	-0.9292894680500136	-0.36656637565297584
-0.4933993220464938	-0.5457008248394177	-0.6773239393182847
 0.628758216428372	-0.528389890998509	-0.570497351759319
 0.00559418883847928	-0.245412080933287	 0.969402710736479
-0.8304098639280794	 0.5261692144889332	-0.1832086668666301
-0.7720163629842653	-0.36072095199264814	 0.5233269819893343
 0.3978150518535243	-0.20710093092374515	 0.8937854266709075
-0.5872343569565212	 0.43258221117790113	 0.6841260414443371
-0.9835930087558356	-0.14129764625223395	 0.11215956620021894
 0.8731850223674422	-0.4834089794353431	-0.06215846937022721
 0.203769735972129	-0.231117037968389	 0.951347890869879
 0.8074672084782958	 0.009736330769593628	-0.5898321041579659
 0.7368406758025592	 0.21562577764958601	-0.6407584119587032
 0.7602466901407666	 0.09907968401834547	 0.6420344121188787
-0.6743418035346064	-0.2941049862331611	 0.6773222195369694
-0.8597315772510282	-0.4879637695749011	 0.15084089186859204
-0.12010637686405502	 0.8759437463016072	 0.46722265736123614