-0.9324778210015793	-0.31115100767312004	 0.18349431534559502
-0.850620189070993	 0.482908527836672	 0.207953474814552
 0.9534008623670784	 0.2964137348799531	-0.05626449512995143
 0.28544612117840407	-0.9064314461988793	 0.31129173655272707
-0.4496415584104012	 0.8899721992411165	 0.07597337381080613
 0.469049160280068	 0.80095067422649	 0.372116786367794
 0.3682175122391669	-0.9265184480591278	-0.07732676824040059
 0.85579494570966	 0.512447195347678	 0.0708017152200372
 0.129612819479778	-0.865674855287998	-0.483536515631039
 0.9718181207705702	 0.21382549178747207	 0.09923809351153043
 0.08416688302870834	-0.5697631108768613	-0.8174875737802704
 0.7634965279794408	-0.4366489360552089	-0.4758263952380039
-0.8584674319777212	-0.29260791214232906	-0.4212057430582871
 0.194216769323442	 0.54713702006527	 0.814199562630478
 0.35794917682655214	 0.8771579461142595	-0.3201036150651972
 0.7729785310900565	-0.28529879844404715	-0.5666646151651273
-0.25736562719805106	 0.5750570539432361	-0.7765773101546812
 0.19022938618508098	 0.27626985703547896	 0.9420656806853988
 0.9659321554231832	-0.16994564427894707	-0.19517568780495403
 0.982732742609484	 0.0515292215282159	-0.177710708546046
-0.47377430202001414	 0.7516025711366532	-0.4589460598003001
 0.8589793666791696	 0.34923079388483785	 0.3744226224762848
 0.7542780084137393	-0.6528048483625091	 0.07007507386942032
-0.851471751494689	-0.0269917091505751	 0.523705359953187
-0.49875680538733413	-0.8614987823065762	 0.09519189652542642
-0.798094203333412	 0.467426014279671	-0.380208579309078
 0.407437377422734	 0.121643197687849	 0.905095418138419
 0.295509521940339	 0.367849838655261	-0.881680564968907
-0.02584763091625379	-0.29059054999804196	-0.9564983179430337
 0.40142311204330683	 0.5874036487422798	-0.7027207400964647
-0.197389057598384	 0.6252653298347	 0.755036970781647
 0.017457109040615305	 0.0013604435894391603	-0.9998466875162332
 0.5799066199603963	 0.6810039145467673	 0.4471487230196322
 0.217670271455136	-0.90958508801707	-0.353941549668341
-0.4508600353724289	-0.33009143171837596	-0.8293159079687817
 0.644157949020459	-0.0962557497265165	-0.758811812874801
-0.42080995557837536	-0.6848542603549106	-0.5948895892179106
-0.7655757778560334	-0.5735249756241302	 0.29148384294068613
-0.041848477483349605	-0.9966761101196492	 0.06989589722645062
-0.7719463655108703	 0.6308186923756801	-0.07852761376735722
-0.07230744210842532	 0.15037751734390006	 0.9859808497598834
-0.4869625312753858	-0.16875091849188192	-0.8569659390209247
-0.5536474472919031	-0.7680411606480592	-0.3218497780914901
-0.340240277126009	-0.608750055760968	 0.716700720965338
-0.6415899499435853	-0.6911328955608284	 0.33271257386082215
 0.6524223845656882	 0.5742375252209793	-0.49456677683171024
-0.177251377515307	-0.266623304615148	 0.947361579654265
-0.9738193301359802	 0.19816157869047404	-0.11139075807449203
-0.33062541184694516	 0.6558101882267793	 0.6786750577846473
-0.08261571854513895	 0.9362312125159036	-0.34153441958354885
 0.5333520374968953	 0.19942376008081014	-0.8220497357296226
-0.275702635080709	-0.93298398487369	 0.231363223047146
-0.0374892600215885	-0.973828680968042	-0.224170148563714
 0.0599785619693684	 0.535356982488517	-0.84249360437031
 0.6792132065668921	-0.6834402562736701	-0.26754221373402104
-0.13995265355031794	 0.8330766661259347	 0.5351602779735458
-0.7085553057114008	-0.5290792002567178	-0.46693102124825187
-0.2437576038150471	-0.8281802563716123	 0.5046778116170723
-0.429542985888412	 0.774809151007435	 0.463857308651276
 0.40256474382716	-0.830825222153928	 0.384279946471644
 0.022608943848758514	 0.8568561170842666	 0.5150596375890053
-0.29548526028525496	-0.7273681122397099	 0.6193739502521849
 0.9378012901231354	 0.10880936881558904	-0.32968054462060115
-0.6845331334423209	-0.33043128534344496	-0.6497919319950939
 0.04451642489378008	-0.9955484037698585	-0.08307625211793845
-0.5584795453760018	-0.13778417594118395	 0.8179951822943846
 0.9942563359346076	 0.04726539097735428	 0.09602250397509236
 0.40655095742629876	 0.6431718765780358	 0.6488807719410767
-0.6799829410598122	 0.5459666586403041	 0.48943192327512713
 0.278064467787835	 0.671056903167576	-0.687286537380888
 0.720953706558311	 0.314861786561818	-0.617323098841225
-0.0111323239031455	 0.766192449090951	 0.642514748718289
-0.5700755235893291	 0.6671679097190721	 0.47947979899620013
 0.7522194709121487	 0.5480258214789058	-0.36583270298459886
 0.0971188056243021	 0.97125277122911	 0.217338427283081
 0.4945194473361869	 0.5094740531126579	 0.7041922361197069
 0.571944453948523	 0.369738850411979	 0.732238160773907
-0.11130798178614897	-0.7744104371052598	-0.6228153884524169
-0.34273010359138395	-0.8623616107141647	 0.37265067886522196
-0.4462760633579652	 0.32289530458867716	-0.8346114650232783
-0.0228641271153966	-0.291591885705442	 0.956269524706291
-0.4553135413008858	 0.6695099694012807	 0.5868952035758538
 0.9142639132503477	-0.18320674288849498	-0.3613264262247499
-0.8618659200157388	-0.4471121023836089	 0.23932802555808894
 0.13742075213424404	-0.6910552193300261	 0.7096183627271692
 0.4174654107650213	-0.6010180177856115	-0.6815423487295904
-0.25052057109650905	 0.9592772221537492	-0.13048622346617902
 0.18213963550762102	-0.017604392288420402	-0.9831150688242483
-0.331355100904021	 0.781161484991011	-0.529141315218841
 0.9287131105840645	 0.2835527625401741	 0.2389346962772611
-0.6037895566410983	-0.10227769883996904	-0.7905551490004643
 0.6392142749258818	-0.6877500120721147	 0.3441003220367359
-0.08919120281286079	-0.13378559416958796	 0.9869885227972438
-0.30536807994212806	 0.7673257898058172	 0.5638807214751511
-0.329502935701222	-0.235662655867473	 0.914270708266302
-0.690071789255037	 0.513020497617703	-0.510500631437843
 0.7889411967772892	-0.5753199551360211	-0.21582107693621005
 0.7911166405171238	 0.4926792010391079	 0.36249367713156894
-0.181515862698198	-0.658817417158325	-0.730076436024176
-0.9746963279958162	-0.08248428266207501	-0.20775805954329504
 0.8263096840795476	-0.5613037596043238	-0.04637235653285208
 0.8087254920832293	 0.5819852834052403	-0.08518338074096894
 0.0751048795481763	-0.869043396871664	 0.489001872615856
 0.6929794108848553	-0.48717006655060424	 0.5314554189645252
 0.10572811072579705	 0.8434697047902073	-0.5266691786154513
 0.31555231275482404	-0.024767665244585506	 0.9485848937619732
-0.11288837006719198	-0.9243140378102048	-0.36455421463832793
-0.30242442281196424	 0.047578665941701334	-0.9519851569399906
-0.30460783463148094	 0.5216947569406148	 0.7968993961986628
-0.8790647203664742	-0.12850280795749502	-0.4590558198673141
-0.34634175251111315	-0.8020428592331293	-0.4865949469740492
 0.9264846592909014	 0.02702766412450251	 0.3753607351210242
 0.4551361482726511	-0.4745611155338611	-0.7534207550623973
-0.18333874626208502	-0.6555719931495421	 0.7325382351229072
-0.729711610621091	 0.271307994526495	-0.627624838124484
 0.6111618375699762	-0.7765053568843663	-0.15336439948036507
-0.25067155985216905	-0.10733192924605003	 0.9621037501463142
 0.08345573245877339	-0.15356117763690796	-0.9846086052043908
-0.6041312227165571	 0.7146455831159131	-0.35257220008377604
 0.4078994039000758	 0.7017284703536468	-0.5841191917691918
 0.9697988528348297	-0.04548508597463573	 0.23962740242745317
 0.38141112629555696	-0.7299852909563328	-0.5671393371344939
 0.20991502777694596	-0.7804011475150657	-0.5889904329193919
 0.9882921924688437	-0.11578300365744308	 0.09936215763149897
 0.8300401226423312	-0.4764384566107881	 0.28989617428699205
-0.5126646185572492	-0.8364891040742123	-0.19354835996378808
-0.745260541421453	 0.282517008192458	 0.603962635832868
 0.132331167999116	-0.303456932724491	-0.943611335220934
-0.6705671002260821	 0.6523565756145551	 0.35322890927390804
 0.7923485888357306	 0.5726747559229833	 0.21030296645216015
 0.8335146389756073	 0.5044879838276192	-0.22526699888556012
 0.38816173845076285	 0.9143294054631116	 0.11546515971648995
 0.5506252592858774	-0.21507162806083513	-0.8065705292406996
 0.23211822767920695	-0.16956019558867796	 0.9577945857285858
-0.7573075785724432	-0.009060843527174062	 0.6529955072979591
-0.05216849891244003	 0.15944528985369005	-0.9858273922268015
 0.4425726455700502	-0.32839173472174216	-0.8344389264407384
-0.9483282242609458	 0.09323604175025528	 0.30328306841765196
-0.3318239201780391	 0.2852563053448571	 0.8991783617607132
-0.7095478002280238	-0.17082392981571395	-0.6836381383406638
-0.5022540109047842	 0.8374787081041433	 0.21533769294360006
 0.822315073255297	 0.00697127817165822	-0.568989737673527
 0.5111364476609389	-0.7351214944448888	 0.44534921160553287
-0.757049268191682	 0.616727111989037	 0.215694401568749
 0.284921534663541	-0.675715890672102	-0.679873336863699
 0.9980273300490845	-0.03188057136962438	-0.05408398694846898
 0.9056762407684972	 0.19212592588835004	 0.37793938073319006
 0.9507672074708534	-0.2207571043574141	 0.21750406449950607
-0.6675667443653298	-0.7384483634467438	-0.09512442557145985
-0.558609808750877	 0.54562679652486	-0.624697110991661
-0.8830327862091762	-0.31892709912975503	 0.34429435650376106
 0.8996038749891813	 0.26207051131901404	-0.3493306674219141
 0.237154739980028	 0.523038454531098	-0.818650355394002
 0.2894136458614359	-0.31209452143351996	-0.9048959892055958
 0.20541178568697	 0.254858519203299	-0.944909060963219
-0.6655708464589851	-0.7062555452502371	-0.24128521120690405
-0.6705838871351922	 0.16209409900606306	-0.7239079730062852
-0.5966939096893175	-0.5663370242822533	 0.5685233091675304
 0.531962772750281	 0.697299919226696	-0.480404445289879
-0.6518001752910993	 0.41476484481955717	-0.6349225582638414
 0.7301790612393426	-0.5597741697844648	 0.39177980725114686
 0.2208424860013681	 0.9184489715870734	 0.3281464352501532
 0.08750994141800511	-0.5739995500308042	 0.8141661542446063
 0.3466058761232019	-0.038735875348446296	-0.9372107012821917
 0.7076302516504618	 0.3221611838111639	 0.6288653262778078
-0.3526648064110622	-0.9316539856066525	 0.08745504800917704
 0.907639131211486	 0.361874511306442	-0.21269237306585
 0.5934663490378331	-0.03877135621353691	 0.8039244208861103
-0.49167671396081075	-0.5555414648807828	-0.6705428321493067
 0.31690647772798713	 0.9328990351111572	-0.17108382349805207
 0.13977224986869097	 0.40852885768665786	-0.9019799834829367
-0.024837650630863215	-0.6806723981227573	-0.7321667689433562
 0.801692692015371	-0.408828458450271	 0.436059765548626
-0.04425405483594541	 0.6542222609997832	 0.7550064978812491
-0.798468327153207	 0.555130994239802	-0.23297620000225
 0.54610137576201	-0.7808903216629	-0.303287970292349
-0.9124968958497433	 0.24507572410193906	 0.32754740805033605
 0.9894016753400392	 0.13911682468899403	-0.04160329221078111
 0.06461352643670291	 0.9256363704488603	 0.37285707972851206
 0.374895781083808	 0.226435546350319	-0.898988374048627
-0.101573643794891	 0.562467937389736	-0.820556283441157
 0.256357108601872	 0.12839355023938	 0.95801676870826
 0.57402329633283	 0.813971108465247	-0.0891531819457332
 0.5491381532741149	-0.8253481695494488	 0.13133045206679697
 0.444808919984996	 0.0811342667727099	-0.891942966482183
 0.562629513032323	-0.315797959695653	 0.764015497039866
 0.28033107013082187	 0.10872820364926296	-0.9537256779863446
 0.119245979528213	-0.991036856363694	 0.0602191472467375
-0.577324681147914	-0.78626522112556	 0.220189042837816
 0.296951946626758	-0.929653846670757	-0.218090042791604
-0.5246696322723778	 0.8480289665431758	-0.07462338021612999
-0.13725753235747004	 0.9904215100478402	-0.015020061441092504
-0.6314190244987831	 0.2881364880595201	 0.7199217872447891
-0.02057491189427169	 0.9947865009949756	 0.09988238302481926
 0.03962348172171488	-0.9763812141727085	 0.21239045248521993
-0.2318243383751811	 0.40603548405358414	 0.8839641745151674
-0.8766849930793212	 0.4148106026080611	-0.24363002046843005
-0.8774711763608818	-0.18357825447666498	 0.44310648735845787
-0.3405604338729721	 0.025996492325540906	 0.9398631673105512
 0.7337261837913649	-0.5679906084738259	-0.37287069595838895
 0.888726382511799	-0.319685571838787	 0.328582641333348
-0.5445506972563242	 0.42153232137372715	 0.7251034685856413
-0.237593716545297	 0.928001132636526	-0.286989762332244
-0.4162953030738371	-0.8418308583245592	-0.34353897393337807
-0.590371450771903	 0.637717165918915	-0.494750812435741
 0.28437476574162907	-0.3181372739436061	 0.9043891129028062
-0.57215986677883	-0.613497500383365	-0.544292112629785
-0.2938723001293859	 0.31539525345997094	-0.9023108695519437
-0.13746528607231207	-0.41827175905804714	-0.8978596943284315
-0.710179546314851	 0.598674187067275	-0.370451386467064
 0.17614193187017904	-0.44563167628928513	-0.8777165994355143
-0.700104042846492	 0.141430193889167	 0.69989415588821
 0.6894169762605177	 0.6988276155987566	 0.19064153933589992
 0.6344024349256311	-0.4092502463443731	 0.6557802882273152
 0.609080182775912	-0.674779070450691	-0.416766765747178
-0.1765660900271671	 0.9723543709106647	 0.15281162659773012
 0.5975005331154551	 0.7431758621800051	 0.30113576805114506
-0.5694684893022578	 0.5518057075731267	 0.6092750616770107
-0.921724372287923	 0.335649863608353	 0.194327945983403
 0.2849586441091982	-0.9557800801138997	 0.07268431471036234
 0.07217611367630208	-0.15586486694148996	 0.9851379354526438
-0.9908421696076838	 0.13108763075740398	 0.03237017129315909
 0.15062988855527998	 0.6327116713390049	-0.7595963254421568
-0.0027171005514192814	 0.6685853423263264	-0.7436304575466113
-0.399137611509249	-0.478351253028829	-0.782220714251701
-0.171024048198413	 0.738374265988073	 0.652345168039437
-0.5034434355169058	 0.018744894237408896	 0.8638248295661358
-0.5539605967332117	-0.6865762197117617	 0.4708935673730218
 0.564373406601782	-0.517143004002692	-0.643463885025237
-0.48978820558165886	-0.5377415942328199	 0.6862517697645989
 0.18830414416661706	-0.4532656783740701	 0.8712587297110842
 0.9021612287719353	-0.4312973644480341	 0.009364866303993212
 0.0245760867255309	-0.78542262466124	 0.618471758960349
-0.342496514339899	 0.919530501716554	 0.192768758044248
 0.7204372854604331	 0.032014738797449704	-0.6927807547977451
-0.7172811059695744	-0.3004597273140692	 0.6286746116087555
-0.6994867933388462	 0.6801565509927192	-0.2193291865808721
-0.5270543958009989	 0.18770351674804994	-0.8288432020999258
 0.7595538523593303	 0.4120742441363861	 0.5032621212504741
 0.6848821519888459	 0.07184939335286339	 0.7251028220617769
 0.8208058745155722	 0.26223190140879005	 0.5074565461635681
 0.7498958252659321	 0.43837676978505113	-0.49546146062186414
 0.615770048758951	 0.753951629055464	-0.22887592292771
-0.45904649690300775	-0.2748913504365929	 0.8448142157517377
-0.66642612421953	 0.423126506806313	 0.613873097794343
 0.12654264633339493	-0.9291296705024655	 0.34742627138850785
 0.955124041020771	-0.288238557118737	 0.0682392882016023
 0.40360594964935403	-0.8885331832726632	 0.21819949502918404
 0.7542890729236791	-0.6120348134863531	 0.23761603807121606
-0.8160927822641743	-0.4436899073260251	-0.3703131605456961
-0.444063212591144	 0.544258568422922	 0.71175169400674
-0.18776081497586194	-0.9094021614737557	 0.37112475674153195
-0.029021512056178485	 0.7798784144438047	-0.6252578752183696
-0.10300738036859804	 0.9774782531143744	-0.18418942498979207
 0.5943117334702428	 0.053502333775143976	-0.8024531536109807
-0.870874114915585	 0.0446476924041318	-0.4894740642087
 0.3451696504772312	 0.2707337123706471	 0.8986440726869754
 0.341832951146513	-0.458340667791504	 0.820410912749766
-0.923719423762463	-0.0455870656843109	 0.380347532667477
 0.78850019706673	 0.00133943027380094	 0.615033043951518
-0.227793312300129	-0.525878649126951	 0.819488775556901
 0.131677885808978	-0.966212889053951	-0.221570727793396
-0.899931078266076	 0.432565761768633	 0.0548718153187957
 0.6676261873950551	 0.18326678710796404	-0.7215875266712051
-0.5941255563548359	 0.04768288512243549	-0.8029577608769077
 0.6784511212285298	-0.4061861981451809	-0.6121411998388239
-0.899531128830992	-0.34612832934213	-0.266531288765254
 0.13245929421951103	-0.30875090424613705	 0.9418744154620943
-0.48236722914954533	 0.8177325564342836	-0.3140626090289032
-0.05000025742709843	 0.40465722096690726	 0.9131004916089815
 0.12691597306312696	 0.7482122146395009	-0.6512072002409779
-0.357705995516086	-0.909986864565343	-0.209691027682116
-0.9573396641664662	 0.28572842430509204	 0.04312812258570041
 0.761837045127674	 0.169485091988433	 0.625203263159116
 0.115781410687127	 0.414877131880835	 0.90248081995222
 0.25034081357960797	-0.5699763698029728	-0.7825959461449598
-0.7167319904060784	-0.4481516903672582	 0.5342801852488173
 0.8685111206319867	-0.07191630755022728	 0.49042479346675777
 0.019840008528646612	-0.43675412411622516	-0.8993621123491095
 0.6557025805457514	-0.5512979091672622	-0.5158727955741103
 0.036873188168570006	 0.5407622844197231	 0.8403668959112133
 0.6084754625381122	-0.6207177369453513	 0.49443614605980424
-0.0331646912828931	-0.867058773463454	-0.497100781142176
 0.8496233846622918	-0.31350671036874694	-0.4240915547246349
 0.6769500084995329	-0.24514714898393694	 0.6940040067157609
 0.5088080794658549	 0.7872409452290428	-0.34837627994045695
-0.07470999788097964	-0.13636750475663106	-0.9878371929944094
-0.505479843522081	-0.395273876451807	 0.766973722097214
 0.4875637065046371	-0.4541705551958721	 0.7456612762458121
 0.6016134592577909	 0.32809894876979395	-0.7282941201575299
-0.8617335370476733	 0.4991715994911532	-0.09079110853354504
-0.16615755545495192	 0.02223516123899309	 0.9858484997046506
-0.575760914252171	 0.149205549599067	 0.803888719654869
-0.135991338823414	-0.767468866142356	 0.626496524545174
 0.8401469574170436	-0.5277515232224473	 0.1250256760800411
-0.6609323226876234	 0.7475197961792384	-0.06620135305938672
 0.5039735541353909	-0.06706697482102979	-0.8611113038513067
 0.21080005523726295	-0.9744445865104168	-0.07759564763896189
 0.3284508335221111	-0.4502773599524581	-0.8302832944681442
 0.187292938702923	-0.786624701352495	 0.588339132077853
 0.75817332110071	-0.125599413380859	-0.639842170015
-0.6895279584233502	-0.5780287588102261	 0.43638738357202306
-0.401552371590487	-0.771576868291641	 0.493381018268153
-0.183252340553693	-0.269927815829717	-0.945281732566007
-0.29497930194515976	-0.38873861753427275	-0.8728513611500465
 0.5254327804871103	-0.8497545486123086	-0.042867240432249626
-0.3902236287744501	 0.9180374802500822	-0.07023321438023482
-0.9663439769933928	 0.09190003196622229	-0.24027838490634296
-0.3379566369951202	-0.2409621455832461	-0.9097925894987644
 0.8717244465490573	 0.43443424948658216	 0.22663488734475512
-0.452199823112975	 0.667165808952651	-0.591950254110216
-0.28757454273582905	 0.9567932254009522	 0.042983789934360715
-0.13119308192191595	-0.4163598717584238	 0.8996848517370616
-0.6910150954056107	-0.14606089725761295	 0.7079296237719367
-0.6394136630201329	 0.7378271090163819	 0.21624366983498994
 0.354519193806078	-0.77162072381265	 0.528126499814136
 0.28131223963443597	 0.9596142426598838	-0.0019821998273885995
-0.19892844004513993	 0.44404594799519886	-0.8736421875174368
 0.5186622423101441	 0.8298786296924602	 0.20564760728386305
-0.0850417641673977	-0.86041679669366	 0.502444856989021
 0.870172345082623	 0.139205039331223	-0.472675413871085
-0.7697705206429581	 0.41239460180553006	 0.4872207281620181
 0.16810490477969103	 0.9785437214759383	-0.11913406796140402
 0.857032003837083	 0.0993886562497159	 0.505586826774462
 0.8760481971443093	-0.4538107486245011	-0.16308084103620302
-0.421127203952607	-0.109775407005967	 0.900333959210544
-0.7832440315548843	 0.10733162775351704	-0.6123795462925192
-0.4276933016357873	-0.8725839407044725	 0.23595700066014816
 0.24588398974296105	-0.5825330743169032	 0.7747233576670972
-2.3405380352915508E-5	 3.4901762135320106E-4	 0.9999999388194423
-0.30555822349138195	 0.6868719228068609	-0.6594248506967239
 0.54779401499362	 0.601932568662621	 0.581032615195041
-0.27185327486746313	-0.9599029500180815	-0.06842604394834163
 0.443520773997279	 0.731763335307733	 0.517505308313023
 0.4630959486364362	-0.8650148922241323	-0.19310975787616808
 0.4719079950698649	 0.8567342448771478	-0.20810881250904295
-0.7523781662799753	-0.5812611464656802	-0.30993963043564615
 0.530784684823674	-0.79714707177174	 0.287791876748412
-0.22831145523306412	-0.11307331730726605	-0.9669996402907765
-0.772815998972148	 0.526141230518107	 0.354867351670414
-0.8480926733414833	-0.5285204697924012	-0.03748240166952711
-0.7551444220474688	-0.6553006856704389	 0.018382415794646098
-0.023709137560941992	-0.6804953696051439	 0.7323687109250879
 0.8497677215287253	-0.24612522108569806	 0.4661729239170751
-0.8192033483356437	-0.5585946210957657	 0.12991506209269194
 0.8381922622757826	 0.4085898954714873	-0.36123126772139325
 0.751780953221963	-0.330241414001693	 0.570759149598882
 0.53502651999916	 0.589426643252752	-0.605246111198892
 0.3036197366207641	-0.8308876656808613	-0.46630541767574113
-0.41934160091777284	-0.9058615661965456	-0.05972808910103227
-0.5096715342224789	 0.4406620084435549	-0.7389532607126089
-0.49602016786069625	 0.2839646256420371	 0.8205657100192674
 0.2732453949654751	 0.4138586447209482	 0.8683651169409683
 0.7629023517490117	 0.6441123135146056	 0.05567162001136557
 0.6353561394495689	 0.4656716745948169	 0.6160133663678079
-0.9693548181513255	 0.17156629546931293	 0.1758301532324509
-0.7124302180596292	-0.6771373915302042	 0.18419592120125805
 0.04820815105822141	-0.7868801564660802	-0.6152199554073852
 0.3997690865121821	-0.5796830969407151	 0.7100367487605391
-0.6369939082214723	-0.4782839240523952	-0.6045521060105383
 0.7029737420713441	 0.6233886054790221	 0.3423661264160511
 0.29795047667316216	 0.7628718990897075	 0.5738048266000373
 0.9109268937967252	-0.31604548288966106	-0.26519322559765907
 0.648948115934545	-0.760663682457239	 0.0160344945538481
-0.12741396187788603	 0.3062561166045141	-0.9433837360061402
-0.7723101569763252	 0.3741912798422011	-0.5133399531706642
-0.997520007665627	-0.0146986239540136	 0.0688315680529381
-0.929481386177007	 0.354454599635381	-0.10210920403074
 0.8473578350228622	-0.15633765669773803	-0.5074871786790561
-0.3919512376267351	 0.8934427990443963	-0.21939505955828906
-0.7950462983373497	-0.23182576862717194	-0.5604981681508859
-0.378991745177415	-0.471487060773844	 0.796282116219006
 0.14558361225184707	 0.7739570287406775	 0.6162758550410734
 0.048587556217251984	 0.9711760833980948	-0.23335866047004195
 0.37771563344573583	 0.4718344540157568	-0.7966825894007846
-0.199708422559669	-0.976643727776379	 0.0792690037390855
-0.808422074071358	-0.318019304392019	 0.49529533834691
 0.6362589253828664	 0.22423924209793814	 0.7381675569773994
 0.6966484307306151	-0.09745994745583653	 0.7107619310306911
 0.4289193124734991	-0.31935050104425206	 0.8450109353553042
-0.0583789993160693	 0.963495850711241	 0.261280764889183
 0.34649417332481314	 0.5382889783839911	 0.7682361379174201
 0.674624519934336	-0.250719708863881	-0.694277599156546
 0.029537831446651112	-0.43929822535737223	 0.8978555483546854
 0.679174811438632	 0.550848804397852	 0.485064088756069
 0.388161661012333	-0.858941250119042	-0.333991697148423
-0.5787221631206486	 0.7901554987429914	-0.20182900118459687
 0.9821829258366805	-0.18242526487009092	-0.04514114455765418
 0.23503378380021894	 0.8721437159943728	-0.4290972606811639
-0.2384228599761789	-0.5288641780922828	-0.8145288337263167
 0.8334284374936358	-0.44829515873687387	-0.32315397294478393
 0.5542156262887219	-0.5466071220123649	 0.6277465202952219
 0.4933260653012487	 0.2585399663595718	 0.8305338518622705
-0.7999508886838745	-0.4522813743404703	 0.3943604114494443
 0.5200502473238281	 0.4658219583463801	-0.7159313119153041
 0.202044497140645	-0.95920760587034	 0.197734139732304
 0.5195079564239327	 0.8526456348302645	 0.05573961443286536
-0.9901228784335228	-0.13278349516586796	-0.04500254452863239
 0.7289137011752651	-0.6771167719805531	-0.10098362907725203
-0.9350838772173814	-0.018761043811345107	-0.3539296057173211
-0.6390474507457711	-0.0011306150583978102	 0.7691664822422523
-0.18247264667560892	 0.7906845289265316	-0.5843985873797328
-0.7950641353898058	-0.16620704363996897	 0.5833080140554578
-0.7166759485918591	 0.6932833443143351	 0.07572178818735101
 0.9574306656728783	 0.21117115214841006	-0.19680768513831606
-0.2685987741402452	-0.7404654394147975	-0.6160889802314343
-0.712079070137836	-0.00517012184830908	-0.702080243071765
 0.42688465328420816	-0.9016567120970594	 0.06917128248588533
-0.4508531063567041	-0.6630654291694071	 0.5975581253140991
-0.3843344776961478	 0.1784908922630359	-0.9057748123199135
 0.049337215193832024	-0.9319171644370844	-0.3592996490736692
 0.469009229873513	-0.765149424618052	-0.441108490396771
 0.6594698508239094	-0.7282398493510915	 0.18645706656329813
-0.548794287558225	-0.415235703917276	-0.725537139046503
-0.5971390517078489	 0.3062302766202559	-0.7413824725514709
-0.932270428745196	 0.260477529943062	-0.251044426510548
 0.04261529000910688	 0.2878735245335649	-0.9567197975008476
-0.8197080376393646	 0.5689846886898537	 0.06584190964676158
-0.15459569346538504	 0.6873585138693713	-0.7096748868131423
-0.9017723065048355	-0.42598842910950285	 0.07307917272224178
 0.13273374089465195	 0.9898785916889575	 0.05022078995792118
 0.37186799511113094	 0.8871965072451078	 0.27312369312110096
 0.5382914559332638	-0.1783086912092169	 0.8236797430485366
-0.9583597359903517	-0.28531880756235795	 0.011823471727775496
-0.4973669037359501	-0.7889629897204562	 0.36078187859075406
 0.131267509463473	-0.685709313147515	-0.7159410442362
-0.7716656178438218	-0.6189123983183779	-0.14655926257151597
-0.929578625606302	-0.189788372644539	-0.316012582700177
-0.11950139736969509	-0.9672774040294627	 0.22381653129452714
-0.9950655137486332	 0.02750619675404071	-0.09533117269968253
 0.24630864818670406	 0.9543456629937722	 0.16898640582430205
-0.6061935338330038	-0.2748292925744579	 0.7463231602208777
 0.4236945580470347	 0.9038881983661214	-0.058898610643844655
 0.424454231743846	 0.401143067568035	 0.81174062636833
-0.125540707138566	 0.520435234897997	 0.844622221545121
 0.8208419469477501	 0.29254218765216305	-0.4905482306304991
-0.853497420954479	 0.390046657053427	 0.345551382207479
 0.6428669468274357	 0.6737881641938488	-0.3643234805348869
-0.15293393222609405	 0.2830876682704171	 0.9468223616112384
 0.5734957059294745	-0.36658189908296634	-0.7326120300303427
 0.7356193357336271	 0.6379481770799561	-0.22778568053145506
-0.0781314442686934	-0.557086017177557	-0.826771217980969
 0.16168823257632498	-0.016649309928590997	 0.9867014320072948
 0.925541809891962	 0.368690748910295	 0.0862524771231376
-0.33757813171052187	-0.6143614652839818	-0.7131626707595908
-0.5426614197868388	 0.7634867545308417	 0.3501521942397258
 0.32868620823742	 0.839842838418822	 0.432006230592944
-0.6414859105437163	-0.7636654795511003	 0.07287566065489423
-0.07125406149000102	-0.5566099669302971	 0.8277126333668182
 0.5500801302939	 0.111995903555942	 0.827567983819175
-0.034132567506644784	 0.42618231724811784	-0.9039931417330715
 0.111249401178272	 0.132840047452875	-0.984874150605139
 0.2988450845676189	-0.6912277391139726	 0.6579481956120546
 0.6999617262288812	 0.7091468152739592	-0.08464263820017683
-0.9759586874117205	-0.027431136655938885	 0.2162225085585559
 0.8929927520365503	 0.4443280601687311	-0.07166951762695792
-0.34664169557087104	 0.8553916641998283	-0.3848956166406681
 0.26251243111841693	 0.7831054712519587	-0.5637668351397999
-0.83946138296172	 0.268742799690049	 0.472315460397763
-0.8657807685302826	 0.3191068366786438	-0.38547955539569484
 0.9009066395590383	-0.021758132435427905	-0.4334671965343671
-0.4224560697821573	 0.1560084816670261	 0.8928562161693016
 0.642280443614556	 0.76381038518764	 0.0637928462274423
-0.834027105373617	 0.216133607011279	-0.507626882091955
-0.404763621976603	 0.408024202066141	 0.818341408492
 0.09721292056950948	 0.1348659556963901	 0.9860835776284107
-0.9573048757632995	-0.24301996956418512	-0.1565524488241451
-0.2684163747166841	-0.8940886819007424	-0.35854996678419315
 0.7798480530158863	 0.16480006907907108	-0.6038857105768152
-0.41131024505467584	 0.5671106834997518	-0.7135890659010317
 0.24307952537368205	-0.16705030098809603	-0.9555137577679832
 0.40109415432059914	-0.1857732222440991	-0.8970015547739525
 0.015802687585404006	 0.9975799891986774	-0.06770849441130022
-0.846648936282031	-0.489369650148008	-0.209052443675079
-0.201805978312505	 0.872893042375489	-0.444220760084213
-0.14289934533095103	 0.025147036245375908	-0.9894177093988462
 0.921843156410526	-0.14796034126247	 0.358207945741816
-0.26953980184672705	 0.8577279063052652	 0.4377797779313401
-0.3912407544607701	 0.8582332213595042	 0.3322144033660431
-0.25097862696250794	 0.15751148104522497	 0.9550915464744488
-0.050725488140688384	 0.8693194952697608	-0.4916406614559229
-0.354806144116442	 0.45193933447911	-0.818451854447042
 0.9044764796306543	-0.38697794770273913	 0.17936099293523902
-0.5564493060953942	-0.8294394788237913	-0.04893179655880032
-0.5904608347113881	 0.8036868527177272	 0.07377970886771662
 0.9407462256096673	-0.3219575717161231	-0.10648878352118801
-0.3776590658616489	-0.08638454432824949	-0.9219063620963398
-0.914503338479562	-0.392163374230657	-0.0994561804100769
-0.7617518602075284	-0.38741805653119815	-0.5192700193001322
-0.887201735830785	 0.114612167026281	 0.446919602510767
-0.80445651785283	 0.132494545564671	 0.579046549320269
-0.5899920254452791	-0.26397255210146703	-0.7630385977445803
-0.63785695097212	-0.656117757122436	-0.403296415661204
 0.7876810124534854	-0.1678985537311559	 0.5927636107886837
-0.4673762233990491	 0.029868991810992906	-0.8835537952662742
-0.9420232746224836	-0.1779518006393789	 0.2844737364305109
-0.2175443735934969	 0.1788633844197939	-0.9595219305631896
-0.4934330550605601	-0.7353566583760751	-0.4645152367313421
-0.8058196215408023	-0.06655412093344112	-0.5884091149248242
-0.61929635116233	-0.427579459995977	 0.658519426309181
 0.4601707372892821	-0.6676623143435833	 0.5852093014879451
 0.10829693260530003	 0.6673478382150321	 0.7368301277893071
 0.4602982349595031	-0.031792480792371104	 0.8871948901218002
-0.293510833420508	-0.378728455735312	 0.877733528743858
-0.192433478600155	-0.845471905102996	-0.498143166163458
 0.25904093999353717	 0.6647460268212705	 0.7007214219877964
 0.17942012244427	 0.85847954267321	 0.480438647980863
 0.3872678445954842	-0.17570497934421908	 0.9050698187300334
-0.9780459195240364	-0.1687542833334681	 0.12226271369060106
-0.22527419744671295	 0.9264322801013718	 0.30162023531406695
 0.461564654571157	 0.339133906056292	-0.819723284659897
 0.9570868600521037	-0.049915407188386385	-0.28547012880653994
 0.5217784999182629	-0.6480494756326239	-0.5547784009452139
 0.6429306753652263	 0.45721547323914924	-0.6144869060485463
-0.9126558715800938	 0.15447554399300897	-0.37841322172783987
-0.19995987111538005	-0.9548092658761312	-0.21989842141453406
 0.02692549666137991	 0.2772367021715601	 0.9604242961309214
 0.23881050273804216	-0.8574493222404416	 0.4557962303172453
 0.9632490406055813	 0.12097323339159102	 0.23982652600413307
 0.388972133830658	 0.799638554428778	-0.457470066096438
 0.07431822978777221	 0.9190438705131592	-0.3870854747900051
-0.11683031005236294	-0.9902311414357645	-0.07611153121499917
-0.031113708961610493	-0.9313486967447928	 0.36279683320892997
-0.0994145170873844	 0.908920250402095	 0.404945344708734
 0.201446072636812	 0.937717065485458	-0.283030360414825