 0.365953595293508	 0.0620366091115047	 0.928563097060023
-0.7355989124247029	 0.46776175404937687	 0.4899930422855459
-0.08556169472812479	-0.7321469536627149	 0.6757514592197769
-0.19724989741294296	 0.9431935686364288	-0.26735439037626096
-0.03946850845096211	-0.029890067976756106	 0.9987736583816182
 0.7188871695312331	 0.024691080444689407	 0.6946881228507121
 0.42514119967041997	 0.18149184901613094	 0.8867444215124798
 0.974735779380227	-0.0630686226167673	 0.214272044927109
-0.18897406522819205	 0.8036919469927722	 0.5642411337452261
 0.355140072682003	-0.384364700767365	 0.852138078939931
 0.17940487422974796	-0.09422819578277668	 0.9792522342186057
 0.8067352555324043	 0.5400805310283953	 0.23977332521603212
 0.22381184583633895	-0.4521870395899479	 0.8633858574763718
 0.5523705264969724	 0.7721582870749265	 0.3140993173487852
-0.39116647253408915	 0.006780190419015932	 0.9202949634672134
 0.9611086781280718	 0.19731079372472393	 0.19323188015084394
-0.6877213096945478	 0.12940708646345497	 0.7143480987341227
-0.32860831569466403	-0.6618267145781191	 0.6737966864915921
 0.556581104036373	-0.0669325851172119	 0.828092690270346
 0.9426639810736652	-0.17332027992958907	 0.28520992155161307
 0.20070131177828698	 0.27234827801345096	 0.9410342177166477
-0.6029237301851249	-0.25150695972942494	 0.7571177086737019
-0.22092207244655906	-0.20327193905535806	 0.9538731344883302
 0.6289060572546739	 0.4003446894166899	 0.6664842839889289
 0.4751788101748808	 0.2962785564359689	 0.8285071607155867
 0.7546421786161618	-0.37255326658588495	 0.5401104015010629
-0.8508598488434967	 0.11201146230713997	 0.5133136954512689
-0.03497965924087011	 0.9295101833079464	 0.36713382106014214
 0.9560663041365316	 0.2874823713615599	 0.05736818152118337
-0.4409067841332843	 0.5580231880129514	 0.7030016567157634
-0.775902118970121	 0.629428320003975	 0.0423779630781136
 0.45799630382493	 0.708362741387541	 0.5370862242663
-0.8469806794168784	 0.5227051385705852	 0.09696941170507554
 0.9110064643888	 0.0929638055496158	 0.401777242635209
-0.05843104381935503	 0.9640312917602064	-0.2592864856203051
 0.5968688940875232	 0.2934498039155161	 0.7467494465030974
 0.672113603606289	 0.739508069899112	-0.0372976996805219
-0.3941085100772858	 0.36583594342398884	 0.8431147874303606
 0.31819662377797814	 0.9118399710088152	 0.25942007610618506
-0.6975823731590356	 0.28932982415452585	 0.6554899583613155
-0.263600419314147	 0.407309328072038	 0.874422054961396
 0.610124280681533	-0.768197876636003	 0.193959749573922
-0.5560750116620291	-0.5689594417652191	 0.6058595010654572
-0.6319827892257992	-0.36534663589239613	 0.6834614764304482
-0.1733603598979429	-0.06742641970409717	 0.9825476393243956
-0.6882321034582201	 0.5844794292281961	 0.4297910754989641
 0.4852028970862102	 0.8731016012635924	 0.04766280027547272
 0.76883260249985	 0.639128933562583	-0.0202641460827578
 0.21698816237216703	 0.7011014674778182	 0.6792443372533922
-0.10904309490934301	 0.8775440914273842	 0.4669325123114461
 0.759081351579697	-0.594572796733885	 0.26510128454609
 0.13250038722981905	-0.2392759188252701	 0.9618683288549794
 0.6549722553422355	-0.47861585244526034	 0.5847548294114403
 0.021759646768625802	-0.8009317428524713	 0.5983601432781162
-0.633410974820743	 0.007795399164424	 0.773776304062423
 0.357041153017253	 0.83501898156783	-0.418646528080115
-0.5390654292536776	 0.8327110652172225	-0.12649405064407993
 0.10832612774391302	 0.7988768332461432	 0.5916597462652191
-0.203820527107611	 0.978768909285809	-0.0216475159093079
 0.2394284533267571	 0.029788238847638513	 0.9704569421483434
 0.728827682531239	 0.667937217592321	-0.150565874391152
 0.5396354265106731	-0.5743104893168611	 0.6155981386548142
 0.04702670205552638	-0.7102999318836407	 0.7023264882231597
 0.6032188630687918	 0.7943175045660017	 0.07201878350843097
 0.07861302594397018	-0.9211063392505198	 0.3812913635849089
 0.6461885559584014	 0.5033502178863544	 0.5736539970244743
-0.009771530820819788	 0.9926037241769528	 0.12100563596569297
 0.7932728030507608	 0.25140642394609397	 0.5545386099620349
-0.562999519872074	 0.780996710216943	 0.270325136186273
 0.8122057475959966	 0.4553626866417288	 0.36464592029317283
-0.5144276817835363	 0.7592750792702463	 0.3985793700305852
 0.259448178403698	-0.195660503628764	 0.945729142007764
 0.109310801956866	-0.372719584872341	 0.921483184669225
 0.5637273664350585	 0.6969451126815885	 0.44325947958440937
-0.19916420212878405	-0.6497615122688241	 0.7335827136489351
 0.5017980230625241	 0.8452784500554252	-0.18358400235979402
-0.26934695705606304	 0.9512650418503222	-0.15015670773609802
 0.9261734431063807	 0.20590297504495897	 0.3159220127691439
-0.0928518532147721	 0.965899635669308	 0.241694905135546
 0.9365006946628684	-0.04081670121386152	 0.34828213534142616
 0.9144818573075355	 0.4038635977189133	 0.024842042848693516
 0.343651773742807	 0.792044012671922	 0.504549046569293
-0.33746987923900396	 0.9037949559026418	-0.26318958621372895
-0.6717904467246801	 0.4241562307694771	 0.6072800734330781
-0.8989988134167082	 0.41033027301041514	 0.15306926708699303
-0.650756026599779	-0.470542749743525	 0.595907807053969
 0.9987507471262378	 0.04932499977887728	-0.007999344447883968
-0.7352272609595862	 0.6061858400278263	 0.30328139094185014
 0.127938875202136	 0.983857885457271	 0.12512116302033
-0.07651524101907772	 0.21521827347057007	 0.9735638205357364
 0.100400344423946	 0.680052907336104	 0.726256025147651
 0.972417979440363	-0.170103202176489	-0.159587511636802
 0.15248655125449703	 0.13890025705726503	 0.9784960757590883
 0.8446995927962042	 0.11512792291394802	 0.5227123102581831
-0.4501194114721051	-0.6575841922494541	 0.6041320596687771
 0.5847316207315773	-0.6915751387397814	 0.42404334589010517
-0.7674544112598852	 0.34292469620275706	 0.5416792218388942
 0.5415894065300488	-0.7790364919117327	 0.31588456594821196
-0.560257701101771	 0.499944864319628	 0.660428982553452
 0.861133781766162	-0.505896612236263	 0.0501719805168232
 0.6728718654520975	-0.22759810305809586	 0.7038768046805995
 0.15387133955650903	 0.9240255755020023	-0.35000049525862004
-0.40868963534434516	 0.9011444943832224	-0.14460768376857705
-0.764061846890731	 0.622413415553774	 0.169738134385323
-0.13948867692865202	-0.8846982649837002	 0.4448054506675081
 0.323652615817502	 0.611419675029371	 0.722090690468633
 0.04651455307862222	-0.13488493654711306	 0.9897688872886324
 0.8184246245281	 0.559328736789153	-0.131652945914207
 0.35266170525369295	 0.9353507166226938	 0.02736345301621459
 0.6515204896456984	 0.6794759958109614	 0.3373920904356412
-0.43015158947811283	 0.23528465770617088	 0.8715565041450517
 0.24034013107893606	-0.32880703304804004	 0.9133031021578242
-0.788825329724803	 0.494040786271908	 0.365620432531322
-0.222680574726255	 0.527345855932383	 0.819951041142413
 0.959309778425472	 0.0739292360630665	 0.272505444115165
 0.0056946070327951424	 0.9914793624901205	-0.13013932997724606
 0.15373031077949204	-0.7699752588487853	 0.6192778797182951
 0.06833824799844052	-0.6078637041449041	 0.7910951908864953
-0.29047537628992703	-0.4504390532336311	 0.8442326190637363
 0.4592902079539117	-0.1693489911907729	 0.8719939357933174
-0.40612579297601314	 0.9097069091598494	 0.08657470592752795
 0.09775010055226163	 0.9231796696342363	 0.37173137534521505
 0.9329126040637825	-0.2918536299958749	 0.21093964026982492
 0.430309172882667	 0.899183360589753	-0.0793933232177196
 0.15585298847232604	 0.48781840917160013	 0.8589196968620142
 0.8830486890378493	 0.32541364241262005	 0.33812863546332106
 0.8134591453073446	 0.35526087910608184	 0.4605148495896938
-0.7422449968128177	-0.46686376161646886	 0.4807396309809099
-0.93401948251386	 0.290239789140049	 0.208250980992843
 0.21154826757280906	 0.9773038377349872	 0.011159714844435502
-0.5180484794689141	 0.29565601550047904	 0.8026289886481343
-0.8716320275821707	 0.3952801390854489	 0.28984689085374393
 0.343403510117548	 0.853538996882142	 0.39184845290032
-0.576566165949876	 0.816885725700428	 0.0164063228282607
 0.40468336466268	 0.901328332607164	 0.154397575126301
-0.3894331224376962	 0.8151441999653223	 0.4288143845667042
 0.6747083005929542	 0.6841280462827762	-0.2770153883817281
 0.434157252497618	 0.848218119637517	-0.303370238524339
 0.44258731812508223	-0.5476057250507642	 0.7101017080154604
-0.5404733064973062	-0.4691047419942532	 0.6984478119389983
 0.06892006788878112	 0.9976220603008332	-4.990424097423951E-4
-0.4559532459673302	 0.7230183189004543	 0.5189905086089882
 0.46565538051099875	-0.7739122007700406	 0.42921436613937985
 0.197279851080898	 0.595254716763047	 0.778943183119824
-0.7736875363827938	-0.13802380208420098	 0.6183502454953379
-0.46752001482691125	 0.11291400334817805	 0.8767413892272524
 0.5787015236243518	-0.3348159147062939	 0.7436416138263388
-0.5236195630260441	-0.006228008014960062	 0.8519294367097432
 0.2277388598473611	 0.9022819290287875	 0.36609060663108317
 0.95371169110397	-0.294427973893867	 0.0612060327121275
 0.9274959535179378	 0.32629881644453695	 0.18242899603611798
 0.7976488001098193	-0.4948451236578442	 0.34479659986058214
 0.9139961216982853	 0.34169459820378206	-0.21875989367077606
-0.9093537101506226	 0.13893200472119294	 0.3921399340789558
 0.5049151682521311	-0.6797370128472581	 0.5319946110952711
-0.7776974081864377	 0.21222075544188895	 0.5917339708515739
 0.7629497630114458	 0.13966974208914998	 0.6311893711601368
 0.4636430656803141	-0.4300485499955491	 0.7746569255440022
 0.944908766049857	 0.315996611278748	-0.0854023741033258
 0.7065253855833333	-0.6845795381866804	 0.17936759858579207
 0.6557947403693815	 0.5964764162123615	 0.4627625129656823
 0.08929091894523576	-0.4951292690944503	 0.8642188025493955
 0.3400182183951122	-0.8400629360221006	 0.4227077887635173
-0.8273086643563792	 0.37321432800990306	 0.4198469235911831
 0.460078350475319	 0.783581047643061	 0.417526829315809
-0.4180145226387281	-0.4606879086533301	 0.7829626489710332
-0.21701833448512994	-0.7415866322458878	 0.6347852466555148
-0.12840795553400802	-0.30760144740894807	 0.9428110873910512
 0.9846421140081412	 0.16026302275666904	 0.06925078236723561
 0.618460969116373	 0.0487781721918271	 0.784300146370802
 0.29231186825901495	 0.9001309728301448	-0.3229829769922579
-0.14472574176333197	 0.9831626755646917	 0.11155990788598898
-0.8260816303253213	 0.5127807306315733	 0.23376283351296312
-0.4438379633950089	-0.11740477018835097	 0.8883827903479398
 0.8921690776585492	-0.28078238768776803	 0.35382988516270003
-0.31207266568186587	 0.8882807035787545	 0.33699858009173783
 0.733333296727582	-0.4893885372521	 0.471933401569444
 0.21101415396382808	-0.8893602601173235	 0.40559999328276214
 0.7911520557839973	-0.6004550019386251	 0.11632805025289703
 0.26872946620382093	 0.9536027903876267	 0.13574311090711597
-0.824600437176582	-0.0218768327829569	 0.565292422729667
-0.5597371184275999	-0.6609758573340099	 0.4998052363430559
 0.6725028535422061	-0.3572108615464051	 0.6481823141453841
 0.8062000233304598	 0.0014477406716449598	 0.5916412987857709
-0.06886066187240619	 0.9975716299311967	-0.010442815851557898
 0.9581498587381972	 0.21165089841288207	-0.19275047445075905
 0.7284957164506262	 0.38132336963235614	 0.5691102519594201
 0.14673994882734	 0.982580174771952	-0.114033273930332
 0.7605143677731372	-0.24686947380332505	 0.6005608706157061
-0.35611961812431986	-0.2242381656571279	 0.9071361874876975
 0.252287420881967	-0.812440244634389	 0.525634764987191
-0.514680823984127	 0.617127840667749	 0.595194823310638
 0.9060607854889228	-0.40204486909235493	 0.13196126793763296
-0.023643030943154106	-0.4070654830044411	 0.9130929304480362
-0.12437143569545209	 0.7366108339281224	 0.6647828407252765
 0.9835525318913568	-0.18027737372998098	-0.011157308417468799
 0.5571462498988696	 0.6120202957613986	 0.5612657247683637
 0.8953586644276148	-0.15334498393836196	 0.4181126378565249
-0.30842214621699504	-0.09795793030489502	 0.9461923819252003
-0.7288965608464183	-0.02118007680824671	 0.6842961405215293
 0.28513719758910416	-0.7214411010785634	 0.6310463661456125
 0.7078587422307292	 0.7001414744419322	 0.09347682500923613
-0.6321739827088174	 0.6905494107298934	 0.35142220608076125
 0.046037565472814894	 0.8731016433838128	 0.4853597252407969
-0.31150364672593506	-0.5614262294382291	 0.7666590291486932
-0.36364651033598516	 0.9068787865604364	 0.2129133204079321
-0.33910628421615985	 0.14158190597780596	 0.9300330595762716
 0.3368355110085412	-0.5061637498387703	 0.7939396053055735
-0.157816126465359	-0.43173268128995	 0.888088375182144
-0.573481945525527	 0.133782659767411	 0.808220674136596
-0.5783983869781412	 0.6607645530336081	 0.4783780005344941
-0.242416557509924	-0.818133867974575	 0.521431862008833
 0.7380975214022542	 0.5737094767624541	 0.35506264964482004
-0.125074579206906	 0.0750135336223214	 0.989307494871897
 0.7028183459997568	 0.2750377141054659	 0.6560492575605937
 0.5247568537875028	 0.8318138783157236	 0.18087541636274393
 0.42015617683237017	-0.8518645072772223	 0.31272295776124515
 0.0131856958229048	 0.749086579801313	 0.662340874012194
 0.10920446716051505	 0.37206527022003416	 0.9217601743665654
-0.7738246054380008	 0.08847683598108338	 0.6271900266374609
 0.503099268111885	 0.0694930353787765	 0.861430115830141
-0.446130768793872	 0.842936478326987	 0.300708215120714
 0.8683713901138667	 0.2257435900603119	 0.4415551611955098
 0.19006074671942208	 0.8560312385606124	 0.4807155407981312
-0.17875860740313906	 0.6376620552754962	 0.7492879710372512
 0.841202516877457	-0.502324249359356	 0.200121648265727
-0.4524843238523632	-0.7410073953863964	 0.4961511631050952
 0.834599054791756	-0.263112365893405	 0.48395898654192
 0.8663204408568095	 0.35932232602562814	-0.3469529647851361
-0.8991805562090895	 0.2705733060333339	 0.34389593396506485
-0.210293134182215	 0.179087131520595	 0.961095519206882
 0.043538826771020604	 0.9677417139410133	 0.24815387496856306
-0.7336067320253994	-0.36211563317459416	 0.5750595020844163
 0.8304310393064713	-0.13387917055829104	 0.5407963171536933
 0.9740642403498402	-0.03778195556480281	-0.22309500107664507
-0.26211944342480004	-0.33062326982861806	 0.9066320371719202
 0.6667202488470207	 0.16336032173753395	 0.7271846499061818
-0.4712869126970028	 0.8817694369364325	-0.019269302149653094
-0.25792146671444605	 0.03736639664321001	 0.9654430430687102
 0.9885278171649555	 0.04993357845440738	 0.14254610634396794
-0.675603546821431	 0.705236810581356	 0.214943919484454
 0.6327733209946091	 0.7468484535986261	 0.20448792530316906
-0.5690307820834789	-0.12596104533401797	 0.8126117056133427
-0.6563387680986111	-0.5696637269511922	 0.4946742965698491
 0.625483131482819	-0.5903193855068	 0.510190038441874
-0.673266202972292	-0.134105287470709	 0.727137120361539
-0.342875750818266	-0.751617783137177	 0.563477530672489
-0.18006177911150903	-0.5459837902230371	 0.8182172428621172
 0.9529531373184285	-0.2899536206627521	-0.08835845143236404
 0.6539597822062899	-0.6908571567730819	 0.30830665285088393
-0.337224342708929	 0.940886146715445	-0.0318276861159093
-0.6305624168349249	 0.5475279945885259	 0.5500946587789829
-0.6208237083735395	 0.23809630875423585	 0.7469190524273256
 0.6998709210090077	-0.5954445791982598	 0.39449517998248185
 0.23658473822872905	 0.7810027095995511	 0.5779813398678221
 0.9733394395605878	-0.18219589988791898	 0.13933768140712097
-0.4960709252724621	 0.8534522723472803	 0.15979003700039401
 0.5138486535347702	 0.4079720975583821	 0.7546643816123282
 0.980316117028404	 0.187599719243966	-0.0615358109878919
 0.015767623692811397	 0.9285426305182348	-0.37089077280697996
-0.859965224325651	-0.130215452196425	 0.493460990312115
-0.35541660043074297	 0.49051949250715887	 0.7956567523805558
-0.277175148307548	 0.955735987805429	 0.0987049075490663
 0.7509595697471403	-0.11422105511301905	 0.6503947072155943
 0.8907993111544682	 0.4406398875676411	-0.11096430385985202
 0.44853584802951313	 0.6139398283146031	 0.6495332787790641
 0.09567946990842303	 0.008748611772966592	 0.9953737493173552
-0.08621636497477285	-0.1724709294314031	 0.9812341804643807
 0.440219457557786	-0.0441648909450314	 0.896803373987488
 0.6058405123227611	 0.6885222150713631	-0.3986156456810471
-0.9511703123467362	 0.16346491567490404	 0.26182868111345003
-0.045664865718332726	-0.5259462032348793	 0.8492910639714406
-0.8036289485836445	-0.24831772786192116	 0.5408500892371554
-0.12740808515199498	 0.43818865929530587	 0.8898077762656857
-0.229712773082388	 0.946175303637746	 0.228000738307617
 0.003571457097827399	-0.27713747239698594	 0.9608236394300508
-0.5166294084490051	-0.3593941271222211	 0.7771292786375302
 0.5589230016109601	 0.8271351541546721	-0.05875810609372471
 0.9946007066213358	-0.06065184458154379	-0.08420681764082809
-0.06596854332759423	-0.6346014179321453	 0.7700189553834024
-0.7095800229945651	-0.25268987388395003	 0.6577568081012511
 0.31276170987590296	-0.6185562332116539	 0.7208108622867109
 0.5728261290775203	-0.20259562180084814	 0.7942450754478696
-0.25200839118151314	 0.8540099214686854	 0.4551470364697052
 0.8732885810133005	 0.4701685174859953	 0.1277052052063571
 0.565099773778336	 0.773973203005085	-0.285705664462088
 0.4401941224838462	 0.8502699614823813	 0.2885656374751271
 0.8520794555631155	 0.4645780143406887	-0.24109722105102682
-0.604775658035037	 0.784268204979227	 0.13845499668466
 0.797691874652246	 0.592773408345378	 0.110938539166466
 0.18015355107832895	-0.6738185503400838	 0.7165983946754668
 0.341214387724356	 0.289270923756036	 0.894368533815464
 0.659378383983985	-0.0921423205689347	 0.746143377304148
 0.5647379493837391	-0.4591435047968131	 0.6857538118951642
-0.8472036800624382	 0.24502453184753206	 0.4713903937094601
 0.17978694342849702	 0.9520962401970322	 0.24736492147294006
 0.955557266881226	 0.0983678792691279	-0.277910183402076
 0.0809300594239815	 0.966606363792503	-0.243151111363831
 0.25119381867937	 0.391706861794072	 0.885136938490715
-0.595207370327863	 0.374173090939064	 0.711141817308262
-0.8174340984347782	-0.3554322412999091	 0.45328734436408513
-0.04622034122558239	 0.8212223989164608	 0.5687331989385569
 0.7132560909591763	 0.5902780717499863	-0.37793854886840217
 0.8502596966836232	 0.5263611643555921	-0.0015404069911440204
-0.39031101884715685	 0.6705216480887647	 0.6309184004376647
 0.3654934334872841	 0.9084828461166672	-0.20266590337162405
-0.16922181052864108	 0.31375090088441615	 0.9343042069024554
-0.48607442873922	-0.23933362163763	 0.840506435001932
 0.474458338956725	-0.303672072615858	 0.826240011684023
 0.20295447141393	-0.567345741523722	 0.798077873460974
 0.6248443232719865	 0.7631712833933806	-0.1647396851959901
-0.08521254030473209	 0.5531972358466729	 0.8286806629977648
 0.05806796563746791	 0.5774574566294641	 0.8143531157610662
 0.7372666282843913	 0.48220083435789424	 0.47320214936400723
-0.7460229211337078	 0.6610421048107208	-0.08045580656821258
 0.4951954093698429	 0.7709604825963768	-0.4005014866561619
 0.8795741816820892	-0.020405854583884605	 0.47532395270697714
 0.06329702476278458	 0.2441517238718409	 0.9676690665649016
-0.17520651801238105	 0.9195109069887673	 0.3518556067120031
 0.36428432999685695	-0.25153984972547094	 0.8966742055612108
 0.918151212344126	 0.232679680048897	-0.320715633799406
 0.286326059832909	 0.16857032059573	 0.943186850244857
 0.995472464101954	-0.06785867370676	 0.0665565445132454
 0.22184833722283606	 0.9496440423843813	-0.22126795528344007
-0.3120811242749751	 0.6059474279864272	 0.7317329337865703
 0.2947656712777491	 0.5034029472292102	 0.8122183645776073
 0.4220684400234468	 0.5140573928104448	 0.7467283500933268
 0.9153630243666572	-0.4022229141455451	-0.018090355402593704
 0.7728323805775695	 0.5799324175607933	-0.2576984722362562
-0.13228276354439195	 0.9809641632220706	-0.14216392279014095
-0.4372596762632039	-0.5647249641783949	 0.6999212029563819
-0.481759024195327	 0.433877324588552	 0.761353209630226
-0.6494616696042959	 0.7554769094755268	-0.08633758720341429
 0.8723787058338546	 0.42072627038279425	 0.24888712103568816
-0.0303338861107495	 0.344648195793405	 0.938241694069162
 0.8228991551875555	-0.3846057428845553	 0.4182288882081523
 0.9865762901814962	 0.07489397544017881	-0.14511414849863002
 0.7268871096518831	 0.6488941575136061	 0.22488108450165106
 0.7981211489207182	 0.4788370647141731	-0.36567430467752005
-0.9244031152767433	-0.10743151002915394	 0.3659745225005528
-0.3927570340731901	-0.34568779000809907	 0.8521982539440852
-0.259668590483897	 0.711570192495854	 0.652870648955457
 0.380632381686597	-0.754622883010939	 0.534474783734319
 0.013289933379019195	 0.4665467597380698	 0.8843966862492696
-0.3017814927778709	 0.27798235380664194	 0.9119505148794418
 0.12204203608496808	-0.8533293652633606	 0.5068873008938634
-0.32695532208328293	 0.7713567298106457	 0.5459936013702389
 0.388143146641716	 0.403571143739345	 0.828538007369598
 0.4138033358022161	-0.6560926417124321	 0.6311174571898331
 0.5415936009247222	 0.5126115240604192	 0.6662625584841513
-0.00896566418885253	-0.876961764073017	 0.480476514743015
-0.687360472438555	 0.724426729168267	 0.0523592875774002
-0.0408907837386641	 0.656946883087938	 0.752827162505632
-0.9484318513221884	 0.028805978528663213	 0.31566950913664815
 0.347731395929166	 0.703465821557263	 0.619853784521736
-0.8795506055254935	-0.23716809414825712	 0.41248276017043617
 0.874465821057734	-0.396298431331289	 0.279744671309719
 0.010484429771875406	 0.11241381770863106	 0.9936061645946694
-0.11016910594007294	-0.8165082450317657	 0.5667248484860278
-0.896293975748456	 0.00152487585825788	 0.443457758744441
 0.5554102453830007	 0.18198892365896988	 0.8114181973489655
 0.29102312972126404	 0.9517179144256362	-0.09766549712440863
 0.326000848435734	-0.0849422399279883	 0.941545677434291
 0.045851778352286224	-0.9333572403115684	-0.35600825324689617
-0.9749785225771216	 0.18616884167529793	 0.12148268560832494
-0.6346373621992494	-0.6711057198375473	 0.3832134278729102
-0.578751239958563	-0.814772651931747	 0.0345329974160088
-0.249934919028205	-0.816545050326446	-0.520371710451045
 0.8937711605527192	-0.25976667356703104	-0.36564243171186406
 0.4405952708675579	-0.20594776808248094	-0.8737627390264407
-0.112613647656083	-0.969449480732231	 0.217912529859114
-0.23649490753060806	-0.8933042685330612	-0.3822010498843531
 0.3099834969279052	 0.2964683737623162	-0.9033364461766585
-0.9940704866455634	-0.04888455276387932	 0.09712964573871494
-0.20466295539502108	-0.5644712643938282	-0.7996782267653714
-0.11746850137267398	-0.3442593679364159	-0.9314969880645227
 0.43018856998450017	-0.5571560003966062	-0.7102921831730573
-0.780030810035812	-0.625729814321838	 0.00375963610380625
-0.4728789603767181	-0.6794406965629081	-0.5610221285182471
-0.4556393516977762	 0.7598298908388533	-0.4637362592813362
-0.5915167305095829	-0.7604532694892128	 0.2679902655889209
-0.8579530851759662	-0.5136337100376211	-0.009844569570595771
-0.433723262526361	-0.474623338241588	-0.765909144964271
-0.6621055941762709	-0.6581501202479229	-0.35840563803898495
 0.6347204832011356	-0.07538108479956974	-0.7690563049994175
 0.02555085144855489	 0.8048646123319406	-0.5929081799115348
-0.05577254194914991	-0.9353338000425082	 0.3493423908754441
 0.7120265941506211	-0.6952454685169991	-0.09824391955151893
-0.4850476616416599	 0.34515767181798795	-0.8034892329839548
 0.10949863906315707	-0.7324924079423465	-0.6719113932284074
-0.0484816883921957	 0.869925107136191	-0.490795103749751
 0.028281564594213805	-0.9683088766090632	 0.24814929495003105
-0.8609194903367143	 0.36346256048039116	-0.35596713090875415
 0.8549250916366912	-0.5104325396489181	-0.09252950965800691
-0.8611223198342023	-0.2158799084949191	-0.4602871010484512
-0.882760939810904	 0.450160994615319	-0.134492386665997
 0.624269571047808	-0.550190941895163	-0.554596637314273
 0.38026277776392786	-0.6671268589264339	-0.6405794048720359
-0.5467806330606981	-0.4816911755016321	-0.6848390692371442
-0.37096174140979293	 0.23516725281649295	-0.8983784000146918
-0.6454090310527452	-0.7500309290567062	 0.14457104860203102
 0.331676561400471	-0.161544133208689	-0.929459063995512
-0.39247778454509613	-0.8210666561508492	 0.4145005847955301
 0.9023229404440638	-0.39971010227506887	-0.16138508384492198
-0.14133889507255	-0.980430028605586	-0.13704114618654
-0.628995286698045	-0.368006166595615	-0.684789303844069
 0.8330370812503557	-0.5001103970931547	-0.2365138727035169
-0.9809662219624554	-0.007977448200022443	-0.1940145141192341
-0.8107095734148724	-0.4633007244720202	 0.35791399284908815
-0.25728478232219104	-0.3558615777633741	-0.8984247760704203
 0.7957440666481592	 0.020563999233835503	-0.6052838196497251
-0.953365255765397	-0.121886331432438	-0.276113040817201
 0.49378892690077614	-0.8471017018522963	 0.19644643643783305
 0.445231977718031	 0.288034842552455	-0.847823339790238
-0.45628929893501713	-0.5870893023196652	-0.6686749784306271
 0.8252575043852067	-0.36760091245579896	-0.4287419044338499
 0.121193499026399	-0.0672270505467578	-0.990349766228337
-0.08653336745049867	-0.9961840499194727	-0.011371675501647397
-0.219718260771982	 0.593678960539187	-0.774124781735119
 0.08797576631115668	 0.8748838595923478	-0.4762756520826589
 0.4026199450261001	-0.9126401842828532	-0.07060505576330961
 0.1636622771821439	-0.6350374086323467	-0.7549451295723877
-0.322758140793196	 0.813921770924204	-0.483071975348733
-0.785029863508698	 0.478178348051075	-0.393793830391818
 0.5207206977793191	-0.8521665027513092	-0.05159657442914281
-0.7288401131835226	-0.35742956612485877	-0.5839830431394607
 0.241941305040874	 0.714730577657322	-0.656219937427041
 0.020280760998165205	-0.3316077308774741	-0.9431993445479212
-0.862834001297133	-0.449652557438021	 0.230933028809277
 0.661041787399754	-0.434175375563103	-0.611976714071685
-0.19129073853144	 0.382396921660938	-0.903980335879235
 0.584397534742526	 0.0446213492420261	-0.810239752529262
-0.7129860557009801	 0.4762066554111861	-0.5146630992387651
 0.7858673979075567	 0.2546124849441339	-0.5635467286894488
-0.36309585740362016	-0.7607608619895113	-0.5379631113759622
-0.300692067819623	 0.122705396383794	-0.94579472722608
 0.3908771693747341	 0.17808210886058004	-0.9030513833472402
-0.9439490790951525	-0.2400161471566021	-0.2266106466596701
-0.759310765349175	 0.136485466249312	-0.636253785157745
-0.6930849823395256	 0.5847313661953217	-0.42157138973461183
-0.4666291323255852	-0.8359546590013953	 0.2888547402396791
 0.3227426837950901	-0.7660387386839442	-0.5558973024689491
 0.7418803080728492	-0.5973442762849682	-0.3046201307913221
-0.5730089539930974	-0.6756166028787265	-0.4638997139019873
-0.2602699245536489	-0.9458979634226146	 0.19374366871149193
-0.11656852977976803	-0.6684425639834451	-0.7345721996646901
-0.26585370913041	 0.478501982816096	-0.836873740645904
-0.5570819506962298	 0.10762706098251396	-0.8234537728086196
-0.651779622970219	-0.474561780945863	-0.59158637505126
 0.906184364423883	 0.118370873417086	-0.405978120100283
-0.09199900534804614	 0.029166051878705513	-0.9953318664811145
 0.5009246079315649	-0.30932865867804893	-0.8083256262726348
 0.13977974158274495	 0.5247548126162658	-0.8396987617468117
-0.601223909975895	 0.766556497989831	-0.225656698245062
-0.7108521248747433	 0.3637949050849301	-0.6019489376976331
-0.09317512775442612	-0.9287417995414903	-0.35882734755364004
-0.486524674016273	 0.223720363930329	-0.84453711602051
-0.5815102133898288	 0.6810528888125797	-0.44498633053539477
 0.024539580231692993	-0.6525530852401019	-0.7573455485745437
-0.0279336691686038	-0.992890022662934	 0.115711334894976
 0.251217698496238	-0.408504214602395	-0.87750440147861
 0.664819566727022	-0.202681116385799	-0.718982133823575
-0.0687227642836759	-0.565325996065874	-0.821999817421718
 0.04934066703832328	-0.8148170626439597	-0.5776146232571358
-0.356919891464223	 0.55431864177262	-0.751890307465474
-0.9881129344452678	-0.15312117014655996	 0.013665139403246597
 0.875896088250903	 0.00544946833440979	-0.482469010281115
-0.6514107940572962	 0.6835290881672252	-0.3293204564173391
-0.9203840787600478	-0.3901998479134639	-0.02524334077193109
-0.6963479247213793	-0.6684791258817243	 0.2612187320936881
 0.6424942637985241	 0.15746963979605103	-0.7499362863127071
 0.06484167713799778	-0.20249299572255697	-0.9771346599058067
-0.15226593705798802	-0.10550021515118903	-0.9826926218380322
-0.625283171433658	 0.463484205502932	-0.62785615133658
 0.6981779175474949	 0.03657955894653729	-0.7149891826568568
 0.7328251817374123	-0.4667003386428672	-0.4951343725920892
 0.5539666100676439	-0.4921613597918559	-0.6714895314582309
-0.9688879242418494	-0.07931752541144654	 0.2344459861480351
 0.3609010347946431	-0.9098568607252352	-0.20472160627392505
-0.4690330598977551	-0.7644670124961191	-0.4422648251084491
 0.512445141265921	-0.754618602612769	-0.409817937362071
-0.7868355964496043	 0.2526214527864521	-0.5630915962362232
 0.74968595626271	 0.144981631380131	-0.645717657761364
 0.245683840192148	-0.955444658443223	 0.16359998569912
-0.45049827986331786	-0.8349961936641088	-0.3159630617756479
 0.9317649807566082	-0.27998619725628204	-0.23113145606257104
-0.22847746599867394	 0.008940552643976139	-0.9735081479110718
-0.8153510438975223	-0.3380846215420772	-0.4700015573293042
 0.07128075070392989	-0.5484279755783739	-0.8331541335083748
-0.6870849595419027	-0.7264020649127658	 0.015946738280039598
-0.526520885288989	-0.757792162276697	 0.385391743744605
 0.19843404316706106	-0.18146028899273703	-0.9631698157807093
-0.029924460536939413	 0.16445465458657008	-0.9859306229377325
 0.6018946219917111	-0.7828262984862262	-0.15781587504370204
 0.32930730274090103	 0.06438001453637901	-0.9420254317638183
 0.8377408501555583	 0.13139378470879606	-0.5300244723789093
 0.8383642689672852	-0.23658282752058504	-0.4910946123114311
 0.31930709018898606	 0.6147543054305161	-0.7211935427537371
-0.7478116400565473	-0.5496072130291543	-0.3724374610350882
-0.37379030432625615	-0.9258388677291185	-0.05570636762300143
-0.353610375315224	-0.837065957779421	-0.417468902789474
 0.737719072322682	-0.0890600785353558	-0.669207645460389
 0.19696621252360105	-0.9800046876173982	 0.028197932052433206
-0.9984138353854978	-0.026827152074815595	-0.04949865879369968
-0.697054656103819	-0.246060476067053	-0.673475351086914
 0.27708963043713514	-0.9567307287166235	-0.08881243963303044
 0.28799555897704504	 0.7878930465949112	-0.5443189369633291
 0.15820387567134608	 0.8032642119919533	-0.5742282990723392
 0.157829587182004	-0.311129159357248	-0.937170458138545
-0.9961326058401757	 0.08014991664318045	 0.03599753386209482
-0.6175680479457256	 0.5772536157266157	-0.5342171555529217
-0.8975207327352298	-0.26911568815752596	-0.34933262186334296
-0.6925353146838554	 0.25435377180677315	-0.6750548101327785
-0.4742905768596099	-0.25134087310406295	-0.8437275710852797
 0.9345245930558752	-0.015422826886079103	-0.3555642296190561
-0.108890438481223	 0.793142266502311	-0.599223011486495
-0.4959336791156449	-0.014818422713381997	-0.8682339547996888
-0.8806261813653505	-0.34471605833931185	 0.3250667128712028
-0.122954479157263	 0.916109133121772	-0.381610078831838
 0.2597679786656439	-0.8508243385508937	-0.4567477883793198
 0.7291885477617092	 0.4841194125251501	-0.4836449691969031
-0.964718174557592	-0.253412185985577	-0.0714220391215393
-0.9819997575805698	 0.05678768939508588	 0.18014337191489896
-0.08333857259418778	 0.6171014313809569	-0.7824579897384508
-0.6642861688783919	 0.12425077709590497	-0.7370791207380198
 0.895129895027236	-0.127231634926067	-0.427264066009031
 0.5887263645152078	-0.3570501763247719	-0.7252009647753898
 0.8282732646036542	-0.10334427311155603	-0.5507116853289471
-0.288623867032605	-0.122506436394731	-0.949572765206021
-0.819159931057454	-0.511235985681492	-0.260028410552041
-0.340736458856402	-0.893164777740686	 0.293522308197231
 0.18730580256676999	 0.6267197641924399	-0.7563986207651298
-0.23274681430656105	-0.9719724844565683	-0.033142267415996705
-0.9102274222861354	 0.3492115890460732	-0.2225697773603911
 0.6791969938641997	-0.6957723150446478	-0.23365001421623294
-0.7864687543742338	-0.5647255310925949	 0.2501039242499559
 0.222770663273437	 0.864427933703188	-0.450707864384847
-0.8995452073776877	-0.42452305699293097	 0.10294947287485198
-0.03378189828841551	-0.7428289570915774	-0.6686283899553404
-0.302339836869416	-0.468187754312549	-0.830295639970214
-0.9199164012599438	 0.24250399468358594	-0.30813248328512494
-0.7947619808802342	 0.36770362458463307	-0.4828534334709131
 0.22517866992036012	 0.4126121510287152	-0.8826357002956284
 0.5744913966778648	-0.6574867784918497	-0.48751489336380877
-0.8295860866350352	-0.5450699702319491	 0.12118437363336203
 0.18497854427830096	 0.06360504925035888	-0.9806820768559708
 0.763761205591642	-0.342906648897314	-0.546885592217619
-0.4571365867088571	-0.8880035936867282	 0.04975699640886572
 0.4159779243152049	 0.7543315081017448	-0.5078841820409069
-0.052699747424802386	 0.4033955152424729	-0.9135068663691708
 0.004559456607590152	-0.9930187501559454	-0.11786845716377106
-0.8019316617038592	-0.5833550073844141	-0.12885086463201303
 0.170886677377788	 0.299005955860906	-0.938825426719199
-0.16132546988703503	 0.7006597536459511	-0.6950179870956741
 0.30013789073132696	-0.6013608683722359	-0.7404609054757318
 0.4029665608340682	-0.05409155615359662	-0.9136148282522815
 0.943055287992336	-0.149969005526254	-0.296910796656435
-0.5008592538519218	 0.6654210568663197	-0.5534932925608098
-0.7167797019493279	-0.6876268221221769	-0.11574200780869898
-0.940165907917486	 0.331062565433774	-0.0805334921513865
 0.5185013251054216	-0.07922601748750722	-0.8513986222780672
 0.6896450850921264	-0.5803475543901453	-0.4331124250372543
 0.0034756706023999426	 0.5205720588595444	-0.8538106647545456
-0.007937364049571278	-0.8807340648438908	-0.47354461804089987
-0.5976443467490071	 0.36561328771160606	-0.7135461853641031
 0.562434836945437	-0.776058600762281	-0.285307031762364
-0.8448986620117206	 0.13428735054207308	-0.5177964449619123
-0.342959544527398	-0.5723892147729	-0.744814968719898
-0.9105692685937847	-0.11296108234663198	-0.3976221836966059
-0.9709201050092835	-0.18611748464590808	 0.15058031610354009
-0.8865249664443614	 0.012752578805215591	-0.4625049790052437
 0.04548580175276798	 0.04879509682919858	-0.9977725594364365
 0.14435365004328304	-0.9839327671616045	-0.10506347331441704
-0.42051546149187	 0.619746983773887	-0.66263143809319
-0.423310807544454	-0.131449874262793	-0.896397730236059
-0.20770590817120602	-0.23516850400653605	-0.9495019907478353
-0.5941499065149002	 0.24200243635441812	-0.7670858552905674
-0.4199937809650699	-0.8888034379311658	-0.18339485454179297
 0.18212251138379099	-0.9198905598467678	-0.34732225490466495
 0.8608516641682495	 0.24638606320231618	-0.4452283910067053
-0.026989498379905802	 0.7181510690424773	-0.6953636523505872
-0.8829686981140308	-0.3804076540027369	-0.27505689398185895
 0.721814083908502	 0.371569573317161	-0.583883961465147
-0.47464602810538375	 0.8437684379216837	-0.2505313776176259
-0.503465732543565	-0.860508353986634	-0.0777665022589115
-0.9779385380224003	 0.20761367927313004	-0.023081941627265703
-0.911483730574941	 0.130977888052423	-0.389925892623862
 0.4661975234143318	 0.05894728992765997	-0.8827146119627386
-0.8085711729567453	 0.017898323815499308	-0.5881260989515332
-0.402323302166742	-0.89891195010936	 0.173474108973749
-0.14088239613284403	-0.8703407898369913	-0.4718676297499021
 0.4072784535902111	 0.5066065212724051	-0.7599171624890693
-0.2849512827027491	-0.9453016890739775	-0.15876864652677308
-0.2626270124859089	 0.8869732638359368	-0.37987561326433195
-0.8415038565102777	 0.4699031849965308	-0.2665750479854529
-0.7398436388877019	-0.6257059360673959	-0.24723161522634596
-0.6157992897515352	-0.009139107413198583	-0.7878500564556653
 0.5542943950729882	 0.5826591390986451	-0.5943618857358671
 0.484508335541537	-0.855029306604396	-0.184869028337294
-0.431762771394526	 0.104079426368236	-0.895962266082996
-0.8217939222052537	-0.4274741723231698	-0.37672348138007883
-0.0704627088080748	-0.219292003571697	-0.973111516650039
-0.0245726143963996	-0.452925387822185	-0.891209728227789
-0.9482459736636925	 0.31083649616468617	 0.06488640907506672
-0.392597445225876	-0.363557372544848	-0.844803694872603
-0.16626738747085495	 0.14391319148538598	-0.9755225006016558
-0.5308125184145113	 0.5572257775055592	-0.6385432664884733
-0.8379806959637762	 0.5437959887609141	-0.04554421806997431
-0.7592643120296103	-0.11378463137879606	-0.6407579590923503
-0.186115920414193	 0.850114267346948	-0.492612014288669
-0.045388544596137906	-0.9694931203413312	-0.24087957495452705
-0.29349560761183807	 0.6692408054860681	-0.6826251332795451
-0.33143099888839	 0.354147908181514	-0.874489995429623
 0.6331455848952382	-0.6835590675905783	-0.3631441441664261
-0.842142797971539	-0.0998453163126548	-0.529930580958576
-0.56766216725769	-0.582722790630052	-0.581544334633764
-0.13235490170178402	 0.5051022383469691	-0.8528504609909012
 0.5084143173662599	-0.6109050636548209	-0.6068853970049859
 0.361560125988041	 0.405301484218023	-0.839645748030787
 0.0526936204548346	 0.627856820870159	-0.776543105596965
 0.687714848351802	-0.311862220278406	-0.655583894646201
-0.194761768924899	-0.928751877396998	 0.315416872720525
 0.6312627092796048	-0.7751017205232069	-0.026920525903814996
 0.08668099323814402	 0.4133355802775621	-0.9064436570950563
 0.5325573572599078	 0.4869784552261718	-0.6922677555497397
 0.32785968645070507	-0.9435232237859192	 0.047664999497236515
-0.1751088254366971	-0.9801919574350374	 0.09252365013254925
-0.742266373674623	-0.460310757346066	-0.486985253558479
 0.6447250609487474	 0.48150464404448323	-0.5937026811024433
 0.2514235103849721	 0.18187814957655507	-0.9506348179676074
 0.5752180217386372	 0.2788324505437481	-0.7690102027872303
 0.294781547143485	-0.283705310440698	-0.912477471662419
 0.8024588823757413	 0.36888178809734407	-0.46902661812138413
-0.9029663256782232	 0.4296351158020031	 0.008092092496278732
-0.9888735898433838	 0.10100410943077598	-0.10921168979717798
-0.2741714272537441	-0.8704694088528724	 0.40879461435906417
 0.7904008098017481	-0.6122151298534981	-0.021428827387540306
-0.24021653957752184	 0.2558992071552708	-0.9363821922114414
-0.2447852177769809	-0.6591847539862516	-0.7110243717833876
 0.440679934155613	-0.840966256975518	-0.313969664555657
-0.4998113780500031	 0.47059290926980213	-0.7271388451435811
 0.6897583865311253	 0.2645611395189591	-0.6739738657146943
 0.294444044647795	-0.908281892059386	 0.297198097450958
 0.112512177473565	-0.983561484949644	 0.141236734753421
-0.8030694150737138	 0.5697626821099899	-0.17449928552287497
-0.9548205731970888	-0.29020161719168897	 0.06403666433310849
 0.4521857050882871	-0.7167086167541662	-0.5309019182336211
-0.7864404363272333	-0.23217482159752206	-0.5723690176150261
-0.5389561162057892	-0.8157026320653163	-0.21013215091005708
-0.36303529261993417	-0.008855181503919823	-0.9317333105953074
 0.05929219430071677	-0.9981987742419676	 0.009145643598982046
-0.7058734155976599	 0.6780378389494869	-0.20495709332736695
 0.0310550096366789	 0.293889710540696	-0.955334718522661
-0.7290326834229148	-0.5725345096513528	 0.3751207562365338
 0.4470789396288839	 0.6001689005641989	-0.6632629286609298
-0.3203095410019829	-0.9447229619754037	 0.07000230752996109
-0.75510469001688	 0.582700852019078	-0.300460686564403
 0.3761271208676939	 0.6935794398463739	-0.6143907140982598
 0.12715225700675603	-0.8746929538100813	-0.4677013364243071
-0.616727507309667	-0.781054691182304	-0.0979834226270995
 0.4529116689455373	-0.8891065178710456	 0.06603499081693154
-0.9593367358731603	 0.22730685041305407	-0.16734581847040003
-0.9244135913281966	-0.3486147131568608	-0.1546844980541549
 0.20967184510783007	-0.5262409723472602	-0.8240801880837133
-0.243168304382602	 0.767348599696419	-0.593334056234458
 0.24761996837409	-0.706938821804234	-0.662511776113041
 0.3141609105212831	-0.8887437582003402	-0.3338224895964521
 0.2309868347037951	-0.9475213200294894	-0.22101680995593012
-0.6631959224432933	-0.5736784870888452	-0.48069133745683723
-0.40035037152667496	 0.8394240464845009	-0.3675416305699809
 0.38867894964437094	-0.8100698258688439	-0.43899379417045287
 0.345552851235575	-0.484396684009341	-0.803712062571988
-0.981681468892264	-0.134121955859101	-0.135324774487365
 0.5203470526414931	 0.6793541994024002	-0.5174135836655581
 0.7903349332638733	-0.4881169179327481	-0.37028714221617803
 0.4928901523192089	 0.3910912758324099	-0.7772431483869928
 0.523720215674975	 0.171908385784683	-0.834364813849591
 0.5655913420255488	-0.19838219287047895	-0.8004691995184068
-0.09745669433788202	-0.8090239744640452	-0.5796398894754681
-0.3973013980182451	 0.4418136125095811	-0.8043334699824333
 0.0950426384746837	-0.967811970232234	-0.233038381274356
 0.259047455516881	-0.0501646165400947	-0.964561002237606
-0.5284138404143071	-0.8331752292773682	 0.16308847469152501
 0.27480182358794	 0.51839876509878	-0.80978187068914
 0.7793724859300157	-0.6033729816731729	-0.16887739091451098
 0.163634566818908	-0.947178171242926	 0.275821029769115
 0.1886871950846471	-0.7987123387055554	-0.5713630565678802
-0.6460609113231703	-0.7276814499060104	-0.2304018366310501
-0.5626565345364881	-0.7538152112104032	-0.33938216142161204
-0.9263247000858028	-0.3220823557134329	 0.19541112084278497
-0.5932484728983191	-0.2514982377548641	-0.7647253662655702
-0.19136288483920896	-0.9463483053496667	-0.26039418439709794
-0.8713824801399388	-0.4693347694517359	-0.14288963394471696
-0.015196634361653596	-0.08651126229066479	-0.9961349626435938
-0.960394190449775	 0.119726514374842	-0.251611924808766
 0.5736394504044882	-0.8150738281635962	 0.08119381492686172
 0.8722398070893573	-0.38578432841657617	-0.30061299186311313
 0.10895029162480602	 0.17895401325093904	-0.9778063689178202
 0.38516197166064	-0.355198543197337	-0.85175363251176
-0.861829924937652	 0.25167965984648	-0.440348190982456
 0.107830800357746	 0.722848499620688	-0.682541255229549
-0.162464254901514	-0.459386364221244	-0.873252274114922
-0.744957513946316	-0.653469757013183	 0.134222125910954
-0.34419281481374603	-0.24600953220358004	-0.9060963614845642
-0.662496472199879	-0.127136436358668	-0.738196959403609
 0.4715344184696711	-0.4373704243239671	-0.7657430405332732
-0.5337337284298782	 0.7703141493457644	-0.34891892819687015
-0.35239521164356813	-0.6823554567222112	-0.6404753277778212
-0.9346319287812038	-0.21561626967054795	 0.28279459322286293
 0.765768228550606	-0.209253934301807	-0.608121543050139
 0.114173820685296	-0.434035073217397	-0.893631855904483
 0.7057973761441647	-0.7064456522412816	 0.05276934960185468
-0.20707585305793008	-0.7499302816956284	-0.6282707725783894
-0.9433927640413202	 0.008302378446835892	-0.33157376745847006
 0.6399976346320911	 0.5914052392824131	-0.49055363683764514
-0.32993417792764196	-0.9001728913649628	-0.2843100488671729
 0.3727987583396662	-0.9097960170185875	 0.1824617581783031
-0.7189950375332893	 0.005636720020430573	-0.6949923477204013
-0.105984541606271	 0.277837273242739	-0.954763701937578
-0.5497319823829202	-0.13334240910457207	-0.8246299469941253
 0.6180269763681769	 0.38015215904859095	-0.6881329758498018
-0.37506250065730473	 0.7251784380302606	-0.5774464075710236
-0.5182413633531581	-0.36735822140200003	-0.7723171799709102