-0.2793556790116842	 0.2654188403484822	-0.9227747524677883
 0.7136421287663218	-0.1642064104066673	-0.6809927803077134
-0.6826922580712252	-0.40900760921404133	-0.6055114006974813
 0.9339975663996575	-0.02555581327742817	 0.3563642046660225
 0.034009260316131946	-0.1806400470203232	 0.9829611099251307
-0.41552716728584976	 0.6379338850714438	-0.6483652763103924
-0.5454644514569447	 0.8173932449301043	-0.185301957192602
-0.0462770469765614	-0.5258799993991065	-0.8492989233215387
 0.2728839357374061	 0.4691837705968419	 0.8398815077289137
-0.5750818596216821	-0.22859655872023807	 0.7855090502822566
-0.4131310147214316	-0.22194508492830098	-0.8832118341323385
-0.9698542136126821	 0.21518739394470063	 0.11435554129562076
-0.5161988682951976	 0.0786032730747237	 0.8528541808730832
-0.9343564466453037	-0.157850341293252	 0.3194703434842827
-0.08524759123899357	 0.4016232983413253	 0.9118286979566854
-0.4607637021019737	 0.10443051334196779	-0.8813575203675388
-0.6559651598901043	 0.5854919203688784	-0.4763495777190452
-0.9893513562949257	 0.053055277018232795	 0.13553239973493292
 0.9038416370473054	-0.006330320968951957	 0.4278203152914517
-0.17377354670522308	 0.6092531003865338	 0.7737011142132884
-0.0943431366626464	 0.8536001537564004	-0.512314503085461
-0.9879500243594719	-0.02766973683415665	 0.1522797919346084
-0.35338737066296266	 0.07836093124014233	 0.9321893212814099
 0.11249778282642489	-0.9759753395889065	 0.18659149330410818
 0.6703188833613758	-0.7181988348811384	-0.1867164379066113
 0.2685298888722388	 0.6227116893056323	 0.7349298271157518
 0.18354370181333207	-0.9829461565578478	 0.011338555146655827
-0.9541965570829604	 0.27539146435862705	-0.11691223977597809
-0.48369813980923937	-0.2992965309122732	-0.8224704834393513
-0.4157581244570231	-0.12297919928773504	 0.9011222439217257
-0.6002308319223113	-0.49444811124813537	-0.628684351398221
 0.8906116573841444	 0.4166571674358471	 0.18222974662717384
-0.5052015493225255	-0.22641746556644715	 0.8327703920340748
 0.5444011699185	-0.7150831947626087	-0.4385013007500316
-0.10930073002907097	 0.9398381578943144	 0.32366276798688776
-0.6531926418240429	 0.7336597236729928	-0.18730398427955453
 0.6266689303424428	 0.04763919324093066	 0.7778281037676718
 0.1409904609659529	-0.9760176385156867	-0.16586518387796367
-0.32637081913867316	-0.8657186014204079	-0.37949096375202984
-0.8037390808065019	 0.5919427160984778	 0.06006089278620674
-0.25984068213912603	 0.16172496136568598	-0.9520125297372619
-0.034101245761669396	 0.23296252059181602	 0.971887631898364
-0.39692021396760957	-0.4446296660754818	 0.8029687439679782
-0.09753679920816319	 0.9673323051910594	 0.23399740198125651
-0.7295578843167898	-0.4224861328091923	 0.5378203798808141
 0.3242393704077576	 0.08962188047637469	 0.9417201013132614
-0.5309311934081075	-0.43556551701110624	 0.726907661437882
-0.25047893988075615	-0.6188667431705415	 0.7444892577288806
-0.1217023169404787	-0.9548803314290363	 0.2709097611775795
-0.47258209613525654	 0.358814004971811	-0.8049339552090571
-0.6976622110754175	 0.4341971907324202	-0.5698598413622722
 0.769866041724976	 0.2745882441353881	 0.5761142022041827
 0.7342095175054433	-0.42363711240940144	 0.5305355609135436
 0.807717035728353	-0.4874078484184583	-0.33170284818537765
 0.11501057889851136	 0.9933510752931085	 0.005119370611145202
 0.14129862206314583	-0.8820542389964617	 0.4494608090494976
-0.5001297193735892	-0.8335621741163514	-0.23461535687528312
-0.24126132407775644	 0.7979324568796987	 0.5523556533268901
-0.31396673852151724	-0.8790195338607606	-0.358816869995507
 0.7351572479040881	 0.40814655798003163	-0.541257986604484
-0.8719961436800641	-0.374147869584626	-0.3156518605875509
 0.3654050028081926	 0.9218125904988561	-0.12938598038633486
-0.5522346794253709	 0.6674237889126714	-0.49958217025171336
-0.6669647744083746	-0.5283778596785467	-0.5253330630180286
 0.641728221068604	 0.5390545656282559	-0.5455319106701799
 0.8540990380749399	-0.32753433591614406	 0.40402486551626104
-0.9032942234943538	 0.13017233408464093	-0.4087966600165527
-0.7814257450618444	 0.6156656844394949	 0.10163449197093266
 0.5003850716287868	 0.7592623082347221	 0.41609557482042026
-0.9431775907293846	-0.33227872293033167	 0.002623477406305419
 0.6490103710311816	 0.30606247060888636	-0.6964993197259799
 0.46394000597093704	 0.7159606190717975	-0.5216896230499657
-0.2521728539093823	-0.5852070133354512	-0.7706760689772314
-0.32430285938079717	 0.929140470363145	-0.1775546161911672
-0.4489480798158362	-0.4534638485608738	 0.7699455563077395
 0.6689597545906201	-0.21787252205599222	 0.7106506953989551
 0.3693475609792369	-0.9195442136259486	-0.13424164177230757
 0.14130213427945373	-0.8696148768036823	-0.47307892881609925
 0.6684538940977925	-0.1983746379442393	 0.7168102220853083
-0.9134101850231876	-0.3382446781668467	 0.22643403363388748
 0.2518779914527114	 0.7256406047526208	-0.6403149148317557
-0.03725344128394922	 0.1221558980357777	 0.9918115333507551
 0.24655555674827212	 0.021252635053814407	 0.9688955996080377
-0.08463048233731688	 0.5353730379508793	 0.8403650347882159
-0.2267363155566962	 0.6416676628456823	 0.7327027048305021
 0.8325909445036741	 0.035563688664961374	 0.5527454596638688
 0.036012718567690276	-0.9615051036082088	 0.27241699623322346
 0.4757934114352078	-0.3211974037327219	 0.818811857187111
 0.061738959187705875	 0.08893126197042078	-0.994122493238518
 0.8903556164179457	 0.3089154574608428	 0.3344220633492625
-0.18668406759256162	 0.7779556602707756	 0.5999450387825185
 0.5840721016396473	 0.34816595846650045	 0.7332395552964588
-0.6910825320536358	-0.11551057314858548	 0.713485978405477
-0.5313189857784523	-0.7924800656046184	-0.29945864651176257
 0.7488112041680979	-0.5295770917563525	-0.3985346715145459
-0.4259690611793609	 0.8156925281973249	 0.3914026805746611
 0.17697242031864308	-0.9698418576543371	-0.16759335782824536
 0.9233615768310246	 0.12350519913133333	 0.36352422783035165
 0.15805308861993178	-0.7566894047156101	-0.6343818770810177
-0.5156330651307129	 0.5748405558174878	 0.6353588572856663
-0.30625600493302696	-0.834105412900064	-0.4587760015664242
-0.33582035011986355	 0.4859149343177869	-0.8069147222924571
-0.8815968410016075	 0.44576408352060465	 0.1551818023449325
-0.21831941052133344	-0.6751502667760391	-0.704633771729585
 0.9107262210078534	 0.30644357927168153	-0.2768936313675616
-0.5607481247923228	 0.376803124089813	-0.7372794220769019
 0.8303701932094559	 0.4812506723572578	 0.2808614117050938
-0.3402315733059596	 0.23200158178763938	-0.9112725950964315
 0.40322383100115067	-0.6669943542502145	 0.6265214070653091
-0.9446635472499649	 0.2786069437711151	 0.17317318897459866
 0.21676346906471505	-0.9505173775445844	-0.22255406863231286
-0.7188577456369146	-0.649659481402596	-0.24735824174974042
-0.085175266734908	 0.9116034254263776	-0.4021496844304766
-0.5405453163551213	 0.23419447645180877	-0.8080616982421609
-0.1471052525472028	-0.9880321239608438	 0.04639576160003678
-0.12115461442927596	 0.5878168960625896	-0.7998705245887214
 0.9023425925825368	 0.30951446977508174	 0.2999643955726683
-0.07244094921137079	-0.6550227305517268	-0.7521286667438729
 0.8633005969780082	 0.4879454777226849	 0.12892358212288157
 0.15015354300357872	 0.03367394505128723	 0.98808905415866
-0.7543753542425633	-0.5669850455315154	 0.33082591049528265
 0.9166116075647196	-0.23968360159864505	 0.3199608288561626
-0.6039086025500684	-0.19180626636164003	 0.773630891285005
-0.44404810646638004	 0.8887917017059255	-0.11344862327197958
 0.9163279964898653	 0.20525078544147274	-0.34382425441572306
-0.6700907794135375	-0.04883440807129602	-0.7406710119434161
 0.5270931212343444	 0.8489912953287374	-0.037237373745598656
 0.6029827267650091	 0.7811722451906918	-0.16180777041529293
 0.04578836413080121	 0.6359499129255914	 0.770370776938065
 0.6815178590080072	-0.6017304983198726	-0.4164778688536279
 0.41003342440930995	 0.9100187843116646	 0.061142481689042905
 0.42995285695018154	 0.005673108067067315	-0.9028335154640839
-0.6663088402287822	 0.7456756718195879	-5.673529602381322E-4
 0.6939035414764455	-0.05652388814989781	-0.7178460316773123
 0.4740261219135987	 0.4642983009178195	-0.748148597210728
 0.9228743139840987	-0.34858821671109663	-0.16367423669764514
-0.9470096467588742	 0.2892691549932961	-0.13962838148133416
 0.5184599880413336	-0.21727830920190236	-0.8270365029129867
 0.3292334526372267	 0.8443459877542144	 0.42271170628210775
 0.3203184190522831	-0.9472354069536197	 0.011882517799544079
 0.3964895687062912	 0.22178403488128612	 0.8908467117180574
 0.4548742974903974	 0.27401835661002827	 0.8473507619182017
-0.12351992735741414	-0.5402949888786581	-0.832360590452377
 0.9739395528542576	 0.025078783985416717	-0.22541695140308704
-0.11439011125297692	 0.9839754527039221	-0.13677430651859734
-0.033956205047759515	 0.9662000441849051	-0.255547355211988
-0.2126852893188755	 0.2900691810682363	-0.9330727934634837
-0.6031027534013149	-0.1493942874122804	-0.7835486045730218
 0.978976798930967	 0.020946640096140324	-0.2028932365150693
-0.6919598594302631	 0.39054464577850195	-0.6071790778600616
 0.2985888619917185	 0.28600154046677384	 0.9105206259855527
 0.6627324798301107	-0.09986454506883968	 0.7421675907882435
 0.7400980097749676	 0.5938259715278819	-0.31563531403519973
-0.3482824257014384	 0.6837527361820092	-0.6412343937369063
-0.20728240426973693	-0.1137096536042604	-0.9716502043211623
-0.6512168258096603	-0.744742884565896	-0.1458584302358248
-0.536308646129035	 0.7721653316714987	 0.3407840029283742
 0.3384593691471089	-0.9390932772388374	-0.059574089009914566
-0.49532848615183855	-0.7753441954424571	 0.39177936316275885
-0.0781631473311374	 0.7640987050608494	 0.6403465400262767
 0.697740623626396	-0.14433651894471908	-0.7016587428660521
-0.057441560734341805	-0.5181328314566117	-0.8533691089248294
 0.7588553012575102	 0.036434489447062214	 0.6502393095869439
 0.4116840620246027	-0.5118993524962214	 0.753973000835489
 0.8396212445442744	 0.5214129189421447	 0.15219965068999364
 0.793674743257046	-0.6083422162762823	-3.8705545218897797E-4
 0.5713626137818443	-0.7869572148486969	-0.23290149327550735
-0.5275014685315008	 0.19852347740855278	-0.8260330681121222
-0.7193166465119747	-0.637293990025584	 0.27647772483156374
-0.04983280731045608	 0.7117763616851573	 0.7006362124967558
-0.33016351347797884	-0.8459086696655834	 0.4188443349891213
 0.8444290094281053	 0.01280783162998259	 0.5355143391966335
-0.5586041319657982	-0.4789951023779008	-0.6771448261994784
-0.46553345457172285	 0.5446367689239696	 0.6976026036437766
-0.45683006152419975	 0.34092516240149656	 0.8216302870082803
 0.5185488436128094	-0.7930983479311269	 0.31953420364138707
-0.2665390742062302	 0.7668062100366518	-0.5839222192813971
 0.38543564195884383	-0.9021754439331403	 0.19369779108656626
-0.9753230583084344	 0.1626902956768788	 0.14925414441298468
 0.9095069489493873	 0.2772142496806338	-0.30975695244300816
 0.6396861642719615	 0.6154759388243647	 0.4604247820950693
 0.22270739569862916	 0.4518259849431732	-0.863860344749813
-0.5632277554060001	-0.23095027995079	-0.7933703194164567
 0.506569316272678	-0.4585555974364582	-0.7301467605014242
-0.881935287378738	-0.012670150784207435	 0.471200186921958
-0.46264983735766113	-0.8577516607000777	 0.22409198236257488
-0.8780196009705791	 0.03707488709532397	-0.47718658097051936
-0.026787760229211803	 0.9323619077411633	-0.3605325074042016
-0.3126145832751716	 0.6882255838677558	-0.6546889857280154
-0.21957315459912402	 0.039262418564173826	 0.9748056689760687
-0.739296565724548	 0.41836092671491604	 0.5276501899043775
-0.44432017084168307	-0.2667535810258249	 0.855232198173757
 0.09551489556899316	 0.1437394977643407	 0.9849953611600917
-0.8185209471061022	-0.42451857355895567	 0.3870496607051852
 0.10256932384506531	-0.19159926177394326	 0.9760989994327656
-0.09331621073877706	-0.9684235693759939	-0.23118796484768755
 0.3542444079001808	-0.4651920142736076	-0.8112381212242887
-0.9636055439575867	 0.11590519960721381	 0.24089487408040755
-0.6932425945662023	-0.08480086120952977	-0.715697924418705
 0.2952402061517758	-0.8474273127560614	 0.4412484223954769
 0.6071432026048516	-0.16907563202398398	-0.776395879810303
 0.4953922666124842	 0.7564278106575322	-0.42708719185243416
 0.2655560063791784	-0.9623164967296208	-0.05854030746392924
 0.8061781202713708	-0.18881784498166243	-0.5607358199831718
 0.8132402078175031	 0.28484438790865974	-0.5074485580488779
 0.7107087772455682	 0.304547632195319	-0.634148069200194
-0.8940825280202609	 0.29340023397455606	-0.3384268544199396
-0.5492359494017895	-0.7787709064391128	 0.3030771307253606
 0.6589806420400939	 0.721776786732044	 0.21161943093957913
 0.05275777469409082	 0.1159417081609257	 0.9918538891984314
-0.5873355965608108	 0.5834797331827896	-0.5608817147826244
 0.05328175102434729	-0.9982611090606253	-0.025215335508964376
-0.7088093615048436	 0.48709594988087246	 0.5102223286497234
-0.3494787837114865	 0.822749263031768	 0.4482724951591639
 0.07323888477081218	-0.5569839043517616	-0.8272877347396101
-0.48147229405431646	-0.7356929366977226	 0.47638254895740517
-0.0883306906161967	 0.9874540311989494	-0.13089012706927106
 0.24790798096656874	 0.28744618022136914	 0.9251574603543029
-0.43447013149493224	 0.9004452045700282	 0.020835988232300817
 0.21399210524106527	 0.9026017364102885	-0.37352039345078447
-0.3655027016150419	 0.8777103107997603	 0.3098909250492723
-0.039419973737373305	-0.6676108487297105	 0.7434660855270672
 0.6619374795756046	-0.7336367148945314	 0.15367479849297427
 0.3234443846912978	 0.24029256225598594	-0.9152285040011161
-0.7167090964560472	-0.6509414570525768	 0.2502064958138077
-0.5881567942764878	-0.7828386676894042	 0.20306453584189366
-0.6391159282107935	 0.7663469654334317	 0.06513953391164362
 0.7392658094275327	 0.43585857159084684	 0.5133355321641406
-0.5370211655658429	-0.6296468455756637	-0.5613849994352538
-0.7529464224844803	-0.21943804528580238	-0.6204181083341853
 0.42433565963020614	 0.8989046773789185	 0.10913124645352634
 0.4550983179518738	 0.2445881161202205	-0.8561905012613356
-0.4682087863785706	 0.025442229261535186	 0.8832515074021157
 0.1198511614795271	 0.7978511781494	-0.5908207821477023
 0.7192312532122551	 0.38866192883918116	-0.5758891468622553
 0.5195767692643034	 0.6625418799711661	 0.5395166708500689
-0.9783152754622245	 0.08621634606517102	 0.18832409157737207
-0.9364596934493846	 0.1812881161836212	 0.30029628947970455
-0.545490031658669	 0.8332751232816135	-0.08996218250485133
 0.028714194210860182	-0.5393383069037624	 0.8415994806064249
 0.5164518307776493	 0.33635774963041004	-0.7874902988291226
 0.35001298942000925	-0.46803764957202126	 0.8114380234006577
 0.749092981124479	-0.32322397235534733	-0.5782611601386269
 0.6953908879826801	-0.09903301860135984	-0.7117752272574274
 0.17357208186852743	-0.8257351692857459	-0.5366881427798325
-0.1050191264450529	-0.8947399891047181	 0.43406374529279335
-0.15578168468674594	-0.5152386997716759	 0.8427699264768245
-0.5990710359950889	 0.7440051719722235	 0.2959226214914179
-0.45096118050019723	 0.2439532080182285	-0.8585574214806388
 0.7443584973117949	-0.6674913032489124	 0.019641475677635523
 0.8651293614338834	-0.45826060486351294	 0.20383426114156689
-0.003959548916770398	-0.45177804960554846	 0.8921215813256522
 0.7506770367045462	 0.611831449194822	 0.2492915248070926
-0.9653000031613356	-0.24517050284739972	 0.08992957483652897
-0.003469350491871046	-0.8716131233239468	-0.49018213641119024
-0.394513855691642	 0.8940863347381399	-0.2120576424037417
-0.28048440967799415	-0.6798985168960966	 0.6775444654412546
 0.3040063433696717	-0.8780740270506209	 0.36954857084029813
-0.6277130277453816	 0.6425032319908408	 0.43950648650509083
-0.41120283505097616	 0.23655922186817657	 0.8803135594747831
-0.254090927963698	 0.6837860717253545	 0.6840134563303233
-0.287779675960008	-0.7621630006583631	 0.5799055255227292
 0.7954689632823488	-0.4387969640865846	-0.41795496499372
 0.37592259942613143	 0.7971537404383092	 0.472470224824711
-0.07863819372570321	-0.9437209151195998	-0.3212582588096127
-0.06899147595418119	 0.2473507844341014	-0.966466639716808
-0.7804172390167633	 0.5009200190749531	 0.37420324361956125
 0.8529094252110716	-0.5220554610027058	 0.0018994797635043525
-0.6085909094565866	 0.7459338269967801	-0.27055467223602414
 0.05184936706611858	-0.9963434049777596	 0.06790774986823633
-0.32457352118688865	 0.7332506374508356	-0.5974910309136763
-0.28315290827663375	-0.7751333140200026	 0.5647944546743109
 0.7127794758090031	-0.006920945505660949	 0.7013540613547129
 0.5995378480920645	 0.7876132919554149	-0.14219588967438979
-0.6260977080353126	-0.14739211628751842	-0.7656874192836232
 0.11775322566435645	-0.9927003649448576	 0.02607994026039573
 0.8746308943305594	 0.19114758629067094	 0.44551475726150325
-0.39504182520470066	 0.653899932390595	 0.6452571849724063
 0.3190042457340915	-0.8384568135653568	 0.44184438775371104
-0.804393585845116	-0.5940828086256846	 0.004071307732656182
-0.9625122119938986	 0.26651817129494765	-0.0503816050975896
-0.9969016869392213	-0.02717388367571055	-0.07381467756289184
 0.7525864554211845	-0.6582823518700891	-0.016672502300550507
-0.20746330071288488	-0.8293215925624585	 0.5188301022174626
 0.3239415650102304	-0.9364553561794138	-0.13458539423581617
 0.7617716886573194	-0.5336909419373066	-0.36725722981889186
 0.9033933700429209	 0.16739365946743215	-0.39479080755837703
-0.49420534147115464	-0.6354382764728574	 0.5932784146204746
 0.4755983805405328	 0.5661931789235668	-0.6732246761428522
 0.4776548312597334	-0.22036515410204693	 0.850461675228118
-0.7551260217208456	-0.4952291277366365	 0.4295728138060637
-0.26524831721927267	-0.8755203284415493	-0.40386567655341277
-0.8722197415979593	-0.12650811805143866	 0.4724705476893478
-0.09623863541757376	-0.9893448712161294	 0.10924674297801218
 0.14052170786656523	-0.9096893535196854	 0.3907926940350863
-0.16335460240840458	 0.7708374806904337	 0.6157311525615845
-0.5894147977906306	-0.5542359868425373	 0.587718186747789
 0.4072214941839811	-0.8882133459240305	-0.21271508361421954
 0.4527771482750986	-0.8343137435799253	-0.3145050576278863
 0.8945390016200573	-0.28272614531924295	-0.34621655265673446
-0.7553194769629962	 0.5932036277100791	 0.2785712544250536
-0.8256191280387231	 0.4554329789850957	-0.3330673461469016
-0.21780796561564514	 0.9708434195189156	-0.10011365986314158
-0.2888771148339712	-0.2346637183424611	 0.9281610592019527
 0.7586561618905749	 0.26935030275089006	 0.593204216466358
-0.41601165586882355	-0.39651774830222186	-0.8183568765902902
 0.20384572655821068	-0.03094478489365367	 0.9785138425448261
-0.2464336628783973	 0.2851379603111126	-0.92626496932031
-0.3517877680772768	-0.7887121433497501	 0.5041612055323688
-0.8682796408642979	 0.30272865067329857	 0.3929959660379352
 0.6528244025195333	-0.293076762909949	 0.6985172227778209
 0.8700864627271437	-0.14961631233810233	-0.4696429563629314
 0.14592147528028743	 0.731877910916962	 0.6656287603190294
-0.8719556691155789	 0.42845696270774886	 0.2368922586418849
-0.9101713946468235	 0.3698411614720657	-0.1865624497256877
 0.4122691500460575	-0.08556378194921808	 0.9070352733708034
-0.19633477437748634	-0.9704614199398681	-0.14020445349002464
-0.27558213443646135	 0.27189672756296934	-0.9220231324213035
 0.24159198835895915	-0.8124350469734132	 0.5306435768103412
 0.40140631954401046	-0.8293605127858692	-0.3886310672883626
 0.2630121765136901	 0.14628083306704856	-0.9536385651192709
-0.28784541818281706	 0.3569977836687444	-0.8886493108570801
-0.674913685370427	-0.5548589607231789	 0.4864391544735087
 0.1935965295998325	-0.8629689127567908	-0.46669587457172135
-0.5250737394818233	-0.734870696214437	 0.4292582299174741
 0.6248346963056085	 0.4315721483280238	 0.6506359066945293
-0.3178981689327752	-0.34555001266556723	 0.8829133269670444
 0.09661423377948726	 0.992694417786303	 0.07227366551597925
-0.6260006570935056	 0.5574149551782714	-0.5453546965618841
-0.16905642241997254	 0.5131980379910693	 0.8414557028392384
-0.9866057927182026	 0.15546162190855672	-0.04940337932215044
-0.4919511531812555	-0.8184766819906747	 0.29678272173623776
-0.9868162059208998	 0.049023019387246985	 0.15424175602617396
-0.5371379112050927	-0.8280627520970439	-0.1606080413170501
-0.04309962919451807	-0.7995769436592792	-0.5990151359788674
-0.4134943164223251	-0.7770945148500411	-0.4744961172406086
 0.016795884679441035	-0.6634206218947398	 0.7480581372477888
-0.9863590966950734	 0.16438731503886747	-0.00851721909962988
-0.6663128227132011	 0.7449420015532209	 0.03299449362919926
-0.4340964614552509	-0.18787958495393434	-0.8810570490663856
 0.3307120311019874	-0.20771017390763832	 0.9205900478169731
 0.3329692343409457	 0.9410062005382809	 0.06032262868039662
 0.05929815140706499	 0.5352813573068199	-0.8425898158412986
-0.5786694373959289	 0.2666516424359638	 0.7707389855262818
 0.3171817534297057	-0.6563579920371388	 0.6845362821503567
-0.1081543692874215	 0.21695133038542735	-0.9701725375664028
-0.049653366910041755	 0.06557858129537905	-0.9966112546172565
 0.14930431210965675	-0.381240315917434	-0.9123398730213632
-0.2402485756984015	 0.6114907573606364	-0.7538963294362193
-0.7518543481570359	 0.38984745675006166	 0.5317273734000041
 0.45703169541090577	 0.8594870876023146	-0.2289191465009517
-0.22883610891619094	 0.6237698798573894	 0.7473587975255227
 0.4211899149566627	-0.4526187784653722	 0.7859613838601192
-0.01835880969393054	 0.8227197875808001	-0.5681506008353994
 0.1962436497793676	-0.8401732362433499	-0.5055663784525717
 0.03986937833901125	-0.20923462868130796	-0.9770523541916554
-0.4178926970464952	-0.7075106152712003	 0.5699073811013275
 0.13665973832868816	 0.7763942832256694	 0.6152528203059564
 0.5047396771258501	 0.5988720172699824	-0.6217637535799867
 0.257809967476348	-0.07265971002616524	 0.9634596967225759
-0.7168475364281529	 0.027407693417459474	-0.6966910562497715
-0.3437799636886239	-0.788954980367054	 0.5092792706563558
-0.967033006993574	 0.11632675456645052	-0.2265286947761873
-0.17040597221387016	-0.09539373266508384	-0.9807455533430005
-0.6352615240708556	-0.7588707757708111	 0.14338040910870986
 0.285205382935279	-0.8783641796716037	 0.38358083556738265
-0.45967207643264496	-0.7626567582021002	 0.4550343408104094
-0.7969438714263168	 0.08122897538076061	-0.5985668879537407
 0.1769464384978725	-0.674623714326905	-0.7166399388609941
 0.24448340979973576	-0.08190741412792298	 0.9661878895140279
 0.7433557328045161	 0.21288267890915707	-0.6341160930989855
 0.5568216998695025	 0.8298655795131902	-0.03567512429795672
-0.8503452768593138	 0.2214700835679723	-0.4773509319226812
 0.8489245568552898	-0.3276709512821997	 0.41467920668134317
 0.7805105419745141	 0.3860688144883196	 0.4916850255460641
-0.09662160048709108	-0.42481969017488	 0.9001069365131189
-0.6336748739287207	-0.23521043907497788	 0.7369750358740628
-0.9801157098221579	-0.08015245023191267	 0.18151798831418375
 0.5959061657095776	-0.8024932146671527	 0.03000803363249105
-0.6310667354750125	 0.7749555870897147	 0.03462099674108421
 0.8504723717025664	 0.40359173751077493	-0.33735805071710634
 0.49965484215106326	-0.8457136788608124	-0.18738573078734366
 0.1660133734931297	 0.8390258521966958	 0.5181459052883068
-0.062446851785000694	-0.15105219385703103	-0.9865513800269705
 0.9932082154773924	 0.07241349062054361	-0.09106990218706756
 0.947789428540676	 0.23257978560021297	 0.21817846474090374
 0.20924618512532817	 0.34124605634260985	-0.9163881072128299
-0.5518580453446108	 0.04556171570393158	-0.8326925169896386
 0.8716558585244218	 0.300367536371882	-0.3872924055464284
 0.8339845276877275	-0.08581836049621884	-0.5450734047623487
-0.6839433826643643	-0.5481734674344476	 0.4813806175060662
 0.5683844669597292	-0.746551685920562	 0.34583186372581576
-0.7338407532847965	-0.19966506218034347	 0.6493162648224069
 0.09430424603406676	-0.8923911789076117	-0.44129887036772386
 0.7434810409152546	-0.6637187964250292	 0.08193473666083473
 0.09574647153839305	-0.8555443556859366	 0.5087990454412068
 0.375784869202648	-0.9078068772537067	-0.18620527836026057
-0.27228915819360605	-0.8008183493094632	-0.5334309568627265
-0.7772878285283892	 0.413494007408679	 0.47417964682041425
-0.9214346452640311	 0.13623733670463714	 0.36386478614284234
 0.45004881073047404	-0.10757687939795342	 0.8865005826163253
-0.03618262686633731	-0.9008884184049232	-0.4325400271615647
-0.9790093085546796	 0.13498196359644443	-0.15271097952320378
-0.3269082531625975	 0.9313911123441971	-0.1601299155698841
-0.0724907186349368	-0.018645774864909762	 0.9971947807682697
-0.4834777031323087	-0.8717306234873188	-0.07959290576626454
 0.5377365202082411	-0.21384160087478654	 0.8155435025611082
-0.02286378535267984	-0.9487436107815923	-0.3152186674682407
 0.16971138808387204	-0.577785087528329	-0.7983498214345179
-0.5030163190101185	 0.5341521304951001	 0.6794527829783732
-0.524614020282961	-0.04356371999426958	 0.850224871444496
 0.9864334155520478	-0.16258864195991	-0.022672674918348568
-0.8804985641093236	 0.3541200604739055	-0.31515275878750737
 0.6704283063003694	 0.7035359844781452	-0.23571806179328947
 0.5474629177008294	-0.8366496222158627	-0.017371338133519654
 0.81921537736061	 0.5511175209628655	-0.158605307551982
 0.7742141095809897	 0.3817727660374683	 0.5048188463575978
 0.1779046231762669	-0.7071130135030858	-0.6843545361777734
-0.6348189402910274	 0.7705002790357368	-0.0577428181995725
 0.14239817913979042	-0.5109143935704291	-0.8477554134420098
-0.11448308512016399	-0.6960650324903637	-0.7087927015464806
 0.19356929310144197	 0.11231973754702652	 0.9746359347600391
 0.7034048084989848	-0.37188129222797933	-0.6057441538069968
 0.16167278043561745	 0.8642440462263281	-0.47638654538993963
 0.5426686415756894	 0.8187736874685874	-0.18740436003329286
-0.6831509498118905	-0.5077469843502055	 0.5248788237816266
-0.8802666738114339	-0.17718364103001968	 0.44015513211627977
 0.1308649117225288	 0.9218592843515061	 0.36475996865717564
 0.7490299327241172	-0.6394629812274114	-0.17332413427753202
 0.2243179877318054	 0.2688371205624681	 0.9367006154517219
-0.39394715642462835	-0.9179822477386147	 0.045980765344979746
-0.4293044344132948	 0.8530963252780229	 0.29652042491237385
 0.43002255900249065	 0.231309680980194	-0.872683465085589
-0.6594724838237509	 0.3816144066079724	-0.6476623254046645
 0.3920926132432821	 0.728457619748022	 0.5617943385893989
 0.6838623010437966	-0.14312118344907185	 0.7154360069630412
-0.046737318702659965	-0.6016284905964796	-0.797407538428806
-0.8142966981260362	 0.5781821711415526	 0.051247091576746895
-0.546586986357124	 0.8373959379215445	-0.0032725368651906894
 0.5850616168493401	 0.16017703226038374	 0.7950133475771912
 0.7281831205049603	-0.543286703337272	 0.41783836706144806
-0.11684937763602544	-0.9909928413738712	-0.06541720944686436
 0.2636848247663577	 0.5585696406194341	-0.7864288078181083
-0.5311115981413405	-0.7972802237847495	-0.28681826141564115
-0.14302820086073492	-0.4859394503185928	-0.8622098261923283
 0.8764835584356196	-0.21228631559813482	-0.4321007891705393
-0.2979588509756997	-0.9084944625331101	-0.29301592904126594
-0.7528809430248733	-0.5264392330033238	 0.3950088854505043
-0.8286838062439832	-0.4737137022538655	-0.2981249361692524
-0.4459005261979705	-0.583376761005713	-0.6788551211082199
-0.9896855147265264	 0.061508951598108375	 0.12938017936991764
 0.7843603279942476	 0.43697616940331807	-0.44026208472040684
 0.6435972101602538	-0.3758664060804048	 0.6667136385691674
-0.7448186405430156	 0.1709057453745901	 0.6450088517978725
-0.9171662311471247	 0.32644432788765265	 0.22856116300316143
-0.4652021201574993	-0.612806993530112	-0.6387914965632782
 0.5296189718144724	-0.35559073863967355	-0.7701032211904275
 0.17771329421571466	-0.11518120350586859	-0.9773184104568677
 0.7668347460725481	-0.061961751882230645	-0.6388467840723122
-0.34008086832932377	 0.8459614602807509	 0.41072400796159036
-0.9324253806281604	-0.26178742136349387	 0.24909888714380624
-0.01112152216756423	 0.9313693016925118	-0.36390594335553184
-0.3034963752948367	 0.5824450201719629	-0.7540873614242434
-0.5045417512060615	 0.7233214623495345	 0.4714272832520958
 0.420877128715679	-0.4785934992506689	 0.7705911399692094
 0.17738178352703504	-0.6769831139257584	-0.7143035533526005
-0.4306119872764035	-0.20460995857838635	-0.8790381568876391
-0.2995368265231336	 0.8721816125169599	-0.3867517606214168
 0.7435609891194971	-0.4218772352510996	-0.5187838218723895
-0.640077397018665	-0.47632501780742226	 0.6028394506305714
-0.18393313283099055	-0.9824503863614803	-0.030981300572369364
 0.3471684872984554	 0.31723948922414186	-0.8825152394739184
 0.04802415563513966	 0.04375402695313334	 0.997887401263748
-0.1301112052704934	 0.40238087298453784	-0.9061791805814459
 0.14557106391729638	-0.16971997957425136	 0.9746815858952615
-0.9601159342328011	 0.2679369265970167	-0.07991993617377569
 0.6877365145384846	-0.42113351436822377	-0.5913248258329136
-0.9746711494847763	-0.21686059753268366	 0.05465923160631103
 0.7808286807113527	 0.6126839114967427	-0.12216790074164274
-0.34792066061231575	-0.3160136622955061	 0.8826588124307555
 0.9309803284259022	-0.364495708047395	-0.020457441165202983
 0.089202267876371	 0.4357055659829758	 0.8956582022050414
 0.7319595021106811	 0.2978842377639659	-0.6127807668013618
-0.6385502134304109	-0.7000712096557649	-0.31961527863838235
 0.7293488288017308	 0.5232132638401507	 0.4407926570024512
-0.09645823890286397	-0.39216725326820845	 0.9148227443673593
 0.837548731510844	-0.4440789550702554	 0.31828604117725035
-0.8088189690291727	 0.4270300939519922	-0.40429837273718894
 0.2731204677075332	 0.9334085725643629	-0.2327093611838098
-0.33527880174702657	 0.04965925040771955	-0.9408092707600311
-0.7234243472218841	 0.3051587499953219	 0.6193023099810653
 0.7290213531147072	 0.6844549458536048	 0.007020954304117311
 0.2401864698854468	 0.4375489885538429	 0.8665225572940825
 0.590486680590167	-0.37782745607664464	 0.7131422673494099
-0.473759324890351	 0.879226144234991	-0.05013471225717403
 0.44241203087395226	-0.24945970835902273	 0.8614182775187769
 0.6877339042124587	-0.720541675859657	 0.08855377093069294
-0.20761480947739325	 0.24415324993820173	-0.94725143516929
 0.9834264751607195	-0.17968926358418555	-0.024168916101803717
 0.9009312217722729	 0.42659919947458713	-0.07959935077348912
 0.15758781714760192	 0.1745897181536029	 0.9719488207728324
-0.08911037420690954	-0.0497955485761965	-0.9947762283803832
-0.178484709529641	 0.2358390232583957	-0.9552607830182529
 0.7727702717443702	-0.6310532292111501	 0.06780803057390639
-0.9889648610259204	-0.04927318537590806	 0.1397163442797349
 0.8847168104348143	 0.30494355733861284	 0.35254161764495406
-0.5413882993268012	-0.736363174327349	 0.40579303203306005
 0.6458639688483137	-0.6024799197056014	 0.4689111643958126
 0.1397606787331637	-0.9604946122960527	-0.24065961944269065
 0.19027563005912712	-0.0045171841339715765	-0.9817203164104846
 0.8667365993798739	-0.34359121259954584	-0.36154217723494675
-0.49004151188408446	 0.8619158101486118	-0.13023230338983738
-0.37971735113619826	 0.7657765285639173	-0.5190385742377006
 0.9944774818690987	-0.0715779684312655	 0.07675371320365754
 0.6236121603256943	-0.5592030392374887	-0.5462598597750674
 0.5486830591711889	 0.12975168574180584	 0.8259003575648247
 0.5088182978232244	-0.4527050109341124	-0.7322309149956876
-0.8302927422600778	 0.19119901198131334	 0.5235044412109697
-0.6501779952977077	 0.5422372148950044	 0.5322098995824511
 0.934939070873525	-0.32184020562143467	 0.14935801217110023
 0.04477038299219793	 0.2495341442678364	-0.9673305141735427
-0.842379919074704	-0.4129673031137247	 0.346199477900635
-0.7472282086733348	-0.5005305794841515	-0.43717175476475933
 0.6659449226617145	-0.3886303815404602	-0.636776088216886
 0.12543940576969537	-0.8541266241006598	-0.5047104768900246
 0.22885530862395828	 0.27088124316351064	 0.9350126201377305
-0.3492397763283094	-0.925487531213786	 0.1466438140460209
 0.5766682047141406	-0.6064998667465595	-0.5473679688364816
-0.40457412451809655	 0.39117690556342155	-0.8266198680918828
-0.2602934052915156	-0.8911805851857435	 0.37154341300814697
-0.6075565109346948	 0.31436092277704675	 0.729419149907393
 0.6897013415829748	 0.1800363642925753	 0.7013550933378583
-0.37916403866484183	-0.0699458556361923	 0.922682073664969
 0.7708516464485845	-0.5223123746492604	-0.3646608320833993
-0.06738939228072768	 0.9715017728753355	 0.227250907826821
 0.36001440193146	 0.23437836068820983	 0.9030262534627886
 0.47487934784552904	-0.8779561632584264	-0.06068426803009386
-0.5775720854499679	-0.7714128689928046	 0.26708176961609587
-0.672746236442012	-0.5367325491001691	 0.5092451983961586
-0.27210954508818136	 0.9253597006054405	-0.26394283465802326
-0.8559187632449197	-0.37000973330000186	-0.3612421182372685
 0.5057615166669354	-0.6826026159945706	 0.5275025657720822
-0.7610644130298184	-0.24970544627209007	-0.5986886914930283
 0.7953012322734231	 0.4477411543701493	-0.40868546417466467
-0.7982862005883191	-0.5067639805269804	 0.3254679861226235
-0.1486795884477463	-0.9003800568315812	-0.408913356640459
 0.9152541095432146	-0.14691050446887458	 0.3751362667631033
-0.7638195693069011	-0.5367888415333378	-0.35838164733858413
 0.8987701963911437	-0.4332351979577328	 0.06722646301530988
 0.39743098937905424	-0.8985070652065131	-0.1863696929631129
 0.7996782889630811	 0.435260168509311	-0.41359789635626165
 0.6021736855631253	 0.6647657000590954	 0.4421237569281513
 0.20745987660173687	-0.9272380699036115	-0.3117530454090507
-0.5224798683386032	 0.759620606736723	-0.38728712992017766
-0.634841309150893	-0.5175476449721191	-0.5736906373468138
-0.5195983114041052	-0.08008618226010626	 0.8506490452572104
 0.7035099828880664	-0.6465093111749617	 0.29512609938958145
-0.9885182379177998	-0.15110152794037043	 1.4682633877094453E-4
-0.5280140237557231	 0.811459700891776	 0.25046825057463895
 0.7361358773870527	-0.5117286965540165	-0.4429872584473751
-0.29731114607693115	 0.9215529520219373	 0.24969228870366567
 0.6836566674642539	-0.6627996442563152	 0.3054671710763246
-0.5650693797845979	-0.6920241027402271	 0.44922069994205915
-0.8090133663514398	 0.5876974930218952	 0.010441731680632893
-1.972894514283771E-4	 0.07499827623572242	-0.9971836438883976
 0.152922530391328	-0.4678528708668074	-0.8704759565435451
 0.65835236644854	 0.5826471907944958	-0.476544239972418
-0.4966520093265014	-0.8672791157593178	 0.034113296523271996
-0.9138624963053943	 0.2771156897327548	-0.2967528135509634
 0.16950733528226003	-0.31816000085145	-0.932760139126728
-0.25742038481827023	-0.6962816801005289	-0.670019826151733
-0.5182742177036633	 0.8510686909301652	-0.0841065905983045
 0.0909160193739676	 0.02544926545418215	 0.9955333305866936
-0.6551034096114533	 0.7168767561590956	 0.23859429832722534
-0.2838837820425336	-0.46331704558077885	-0.8394922951210009
 0.10063405191794489	-0.6698268878562252	-0.7356661796626378
 0.1445550935587427	 0.36150779289277324	 0.9210949682872114
 0.7082349759953563	-0.6859649251121731	 0.16689919200735437
-0.5626064003339388	 0.11752668222873848	 0.8183284898300882
-0.07138887140059923	-0.8107598321533744	-0.5810095727324818
 0.5101875438933241	-0.7914995980481304	 0.3365071415969436
-0.14261906203887853	-0.9888245518237766	 0.04342590072362196
-0.43981510586101685	 0.8242037968914397	 0.3567222642984271
 0.27104857563434487	-0.6563079748025139	 0.7041253523749984
-0.23139652976346697	 0.9435645496427842	-0.2369421589140155
 0.09016995463659887	 0.9924991413619889	-0.08255200589051959
 0.9193962703042787	-0.16549187862113135	-0.35682339645969163
-0.04820843325456078	-0.947914470940333	 0.3148556855847602
-0.9543687703943278	 0.287253800834693	 0.08164253794463727
-0.7320861062223857	-0.6646635737545431	-0.14923895872051918
 0.7961420950067218	 0.14881099857416866	-0.5865262579473034
 0.48173009735665157	-0.04448798435689272	-0.875189655188298
 0.8260683719213345	 0.5634213001678653	-0.012941538872484726
 0.39386766688731456	-0.7165112117040178	 0.5757429500073654
 0.8164532016799851	-0.5770549369906789	-0.02029209602740001
 0.5365730854198828	 0.8187348720640336	 0.2043588345760412
-0.5320278458314106	 0.7545241818627282	-0.38423902748727845
-0.8877570301207559	-0.3456608079784053	-0.303983653012611
 0.6023025174439025	 0.7560053942709164	 0.2562957692081822
 0.36067406608652575	 0.8691086678415175	 0.33847354628590276
-0.13324768312877025	 0.9560591064550061	 0.26114371504072276
 0.4781254824970864	-0.8777363556749431	-0.03122359545917619
-0.5197215870319937	-0.8111982364626499	 0.2680427076658356
-0.3726938795957301	 0.8660359029405412	 0.33328829401862436
-0.45654832699961617	 0.6655704230182138	 0.5904063322130002
 0.7012029381993704	-0.08525680887184768	 0.7078458278478155
-0.12475122902500049	 0.5809432480183438	 0.8043270935624691
-0.23880207518119886	 0.8846698494225483	 0.4004158168851959
 0.880448451393629	 0.3847623322163894	 0.2770712401999984
 0.9879641414056353	-0.01925810817846087	-0.1534795770322961
-0.9195584461766405	-0.08582911720509578	 0.3834652874837521
-0.6530597676649058	 0.47238876801288815	-0.591913669138266
 0.7476846143759259	 0.4758172666938445	 0.46321231216529846
-0.6374720839847354	 0.3235055366519802	 0.6992664083850109
-0.973966581876209	 0.12159692352779056	 0.19131985149730468
 0.4307341100345944	 0.5547670392477124	-0.7118297961008888
-0.21347627795953675	-0.14939252464722275	 0.9654583120612052
-0.7117535215929237	 0.7013642723368496	-0.038666290091923905
-0.8656456267811418	 0.4750012333232869	 0.15821339126648093
-0.04288028190845378	-0.9205996267634616	 0.38814637525864715
 0.15164997549282178	-0.7542513277690162	 0.6388327007062982
-0.5349784577996595	 0.8447386024450108	-0.014654119883097616
 0.03686523776430226	 0.986136459675444	-0.16178948403206816
 0.09500409667045988	-0.9938390453843617	 0.057080412448847984
-0.46764892562305166	-0.8637972790113552	-0.18750664824529406
 0.1769321028712055	-0.45270302235491255	 0.873930777879061
 0.9379842934707191	-0.23504658004049386	 0.25483047387136337
-0.6319704351635035	-0.21236943342808143	-0.7453271716667036
-0.3977675798387553	-0.892791503647526	 0.21143387487346765
 0.8551944066258103	-0.29313164430023375	 0.4274533494847941
 0.7655467915416629	 0.1616300801694386	-0.6227470009118361
-0.012110813158957524	 0.8812784959347147	 0.47244210312764867
-0.7693807503735308	-0.5750240435920996	 0.27820965160406286
 0.20055376622031862	-0.8506856552525025	 0.4859136783446891
 0.8846553997432293	-0.25385291504348806	 0.39107994224847564
-0.48181772224109604	-0.4428987201610835	 0.7561034361871901
 0.7598250706085226	-0.5721355754688651	 0.3087502961256299
-0.21860824692631503	-0.6756422746031171	 0.7040724047602842
-0.695443261325052	-0.5774242863568254	 0.42771469907274207
 0.8061184625617633	-0.5798277812214997	 0.11820646530884726
-0.8729090964753792	-0.3714432014793472	 0.3163220785296379
 0.4884423498330241	 0.5194569629045909	-0.701133749422699
 0.31990532063307	 0.9437560079239088	-0.08357740925740442
-0.974137795914471	 0.18474588486982815	 0.13009424504781375
 0.8395820182414593	-0.5419230593295182	 0.037701888713077114
 0.23406934430479076	-0.5404281706476407	 0.8081763015748296
 0.1799925355922224	-0.6033925577950425	-0.7768655664454687
 0.9897608803643223	 0.14162697545954803	-0.017753859372601877
 0.08983231603584718	-0.02567971438630037	 0.9956257867616094
 0.7997442582687408	 0.020546760405217045	-0.5999891265706672
 0.5462056909235764	-0.7962966252170448	-0.25994427839566625
-0.9751617886520649	 0.0994080270411928	-0.1979331455635538
-0.2023076431009827	 0.14568271173657366	-0.9684256115179957
-0.49389263298105185	 0.4017121214155898	 0.7711662846590419
 0.3089237436353182	 0.27699764752302425	-0.9098562655084872
 0.8656445061959367	-0.13606282425277932	-0.4818158328128601
-0.2323163749111981	 0.946741227975762	 0.22295772962394866
 0.09727781869932027	-0.9798530722840259	 0.1744275859050337
 0.7554857574409511	-0.2377224572346031	 0.6105156047393174
-0.9582885129004042	 0.27936503681757024	 0.06031834088442367
 0.4782015878695226	-0.7812370025233517	-0.4012380680436438
-0.607543945601293	-0.5046438130929559	 0.6133718089953393
 0.5406593962278513	-0.8116525796619983	-0.22115041758621867
 0.7853234452862351	-0.5911769909570729	 0.183784797104382
 0.6912393994505711	 0.4470811077742672	 0.5677205084533656
 0.6161155843536823	 0.7448366546202801	-0.25616390192724303
-0.4227583024718663	-0.5133253542476302	 0.7468416822711832
 0.5011885863551094	 0.49797567311498037	 0.7076935988781086
-0.35432197094617696	 0.772530361001157	-0.5269276821692317
-0.8486426193098271	-0.09080874562562664	 0.5211136885640753
 0.6991152578071854	-0.30902370904308046	 0.644780740678915
-0.5140105027675311	-0.7265960084458097	 0.4559072751725801
-0.5180604554549345	 0.8344345461404136	 0.1879690205892126
 0.05923545062831993	 0.49291222994760714	-0.868060306059975
-0.8918641639785289	 0.415506966836509	-0.1786960366689867
 0.37450819233122046	 0.6195899126223051	 0.6898202331430168
 0.29831578426781763	 0.939992623264205	 0.16559456834556885
 0.7202336804264892	-0.6469919519918422	 0.2503295021308911
-0.4569869054680676	 0.5705252545645266	 0.6823957078812861
-0.727001534167692	 0.10869404488995232	-0.6779781515087955
 0.7714287138159578	-0.6202825830529595	-0.14194103233880462
 0.6479444848512519	-0.7454717817508835	 0.15633223328542645
 0.29746964328324205	 0.9084364269637835	 0.29369213385825477
 0.5421053703687911	 0.4650306456778515	 0.699905897958973
 0.9957185076706789	-0.04291642509491837	-0.0818708369271286
-0.36661265898610557	-0.5412087865480057	 0.756761658406643
-0.41409803420987984	 0.8125865064587078	 0.41015361461865196
 0.3475272823379807	-0.5604950460093963	-0.7517114415982387
-0.4235316210466676	 0.08223260315980772	-0.9021412112031817
 0.058943788977351905	-0.9971558086809506	 0.0469672540695425
-0.11767812160593949	 0.4135776407237225	-0.9028318751510147
 0.19279631399645503	-0.9514602771117988	-0.23990190159254565
 0.9619154343012616	 0.0897852819800402	 0.2581807513986665
-0.31735957854177343	 0.043821727122082293	-0.9472922221468019
 0.6614988895324514	-0.4402169595987899	 0.6071476324823568
 0.9266948488559681	 0.003091127056435724	-0.3758019452282484
-0.6460915524628746	-0.6478693697195014	 0.40352321570805394
 0.9475209450836777	 0.2420792294117315	-0.20881021362748675
-0.160211820505743	 0.7195751363960013	 0.6756802466040512
-0.5006327893642097	-0.3766855392739701	 0.7794067068708668
-0.2588741858318653	 0.46885650051481587	-0.8444866712002561
 0.2545915544716883	-0.6569299929946649	-0.7096662065335497
-0.41463050373037186	-0.12545482486175358	 0.9013005227421123
 0.24320875663578165	-0.9169795958496303	-0.3162244795886713
-0.03342062983584687	 0.8140518554771167	 0.5798298354652327
-0.5535119311366664	-0.2492486488690467	-0.7946695244731063
 0.6184658248821527	-0.6916758532579917	 0.37294039399435874
-0.9320561806285325	 0.3514171720438795	 0.08818870304542936
-0.9255948340302314	 0.3082076859127978	-0.2197321677880295
 0.2918066496048356	 0.2298439649550881	-0.9284506615971173
 0.6037431588949624	-0.10004068476553576	-0.7908767663038123
 0.8648898452332457	 0.4925684514146618	-0.09665338216210673
 0.692205502374796	 0.7003916239261165	 0.17407790099893083
-0.7250321809824194	-0.6347959231850571	-0.267137553420532
-0.4535211125417234	 0.3321588914615766	-0.8270363180066123
-0.6965880571214261	 0.7156703029128019	-0.05080449000329823
-0.27876050046417866	 0.9504869501997467	-0.1373577113996327
-0.789102732849092	-0.614064283753041	-0.015554177218973564
 0.23090732534804143	 0.0046885868516325	-0.9729644516907843
-0.47629354703702903	 0.07747958206127764	 0.8758660693362286
 0.8244158153567639	-0.5658667329914013	 0.011550059882107444
-0.6667380155122057	 0.7446521855670809	-0.03087946244700035
-0.4894450471932973	-0.36456780743510087	 0.792170347564155