-0.8289331538549806	 0.17462300722756158	 0.5313912229109907
 0.753471860199319	-0.3249341572329646	 0.5715749726423307
 0.42143257500105413	 0.7482148092978713	 0.5124150503989231
-0.8384286908500714	 0.48607621830024866	 0.24651012223104418
 0.2372575445153146	-0.3779404239437886	 0.8949133441399524
-0.8920539213256531	-0.05185976599270521	 0.44894361129066906
 0.5527408680183289	-0.6911167102422434	-0.4656556943131731
-0.3413268358639649	 0.3837723556441496	 0.8580295858316509
 0.9616971296572049	 0.16330076413003863	-0.22016242014394427
 0.8313142941119297	 0.5536941059634126	 0.04836715235116973
-0.33865331667383947	-0.8402148052828604	-0.4235008997502756
-0.9289362676862704	-0.08745447782257079	-0.35976259517337716
 0.2585410259874807	-0.34592455070239175	 0.9019383255537428
-0.16914723998673836	 0.9830995890332972	-0.0700314875426098
-0.7010124990836385	-0.4393535886240985	 0.561738284516587
 0.01626885790639621	-0.9130734631216972	-0.40747045930395
-0.39156179417896053	-0.8583720512128571	 0.3314766704249119
 0.17670464689354862	 0.9808084310224732	-0.08240321232488879
 0.7085648286228774	 0.6425316703708664	-0.2917000792064628
-0.11564002724081693	 0.6174987744724225	-0.7780248374086778
-0.8820935406410595	-0.4547489815089304	 0.1229404301924717
-0.2215598005602379	 0.8778527159601583	-0.4246008288464369
-0.7712304866656184	 0.004410097774348939	-0.6365407194163892
 0.9389282723059005	-0.2673730399008506	-0.21662261423691453
-0.2789237458815468	-0.49131348621571486	-0.8251136904972349
 0.1965320393561001	-0.9301637724453344	-0.31011371130086496
-0.8714864047230826	 0.11933518640628614	-0.4756790511134714
-0.041367258040429185	 0.7073605040637496	-0.7056414580032091
-0.10847864961431887	 0.9840409046013769	-0.14105275838904263
 0.8111354543910396	 0.5795734089438279	-0.07844704121298718
 0.44254985196125507	 0.32748546309684773	 0.8348071034612214
 0.12293694009170414	-0.957623671647649	-0.2604676798778771
-0.73286029744486	 0.410048622742278	-0.5429326951070383
 0.5138685945605908	-0.8073233407777689	 0.29011737445341934
 0.2808525859489457	-0.8944742512017173	 0.3479046405308748
-0.6203761704279458	 0.6873001649242616	 0.3778252115201408
 0.8314726136864118	-0.5529377607677418	-0.05397337683193837
-0.23548548453852516	-0.7157642566049688	 0.657440579473455
-0.37847067525270905	 0.38393076636818435	 0.842233408628331
-0.7806981410587	-0.2626973587649277	 0.5670101500373879
 0.9317982635982387	-0.3215909871548222	 0.16831884308090483
 0.2870558536927854	 0.3960861966228021	 0.8721895789939187
 0.023270504661056297	-0.18744931004091947	 0.9819985945906455
-0.8491516387311846	-0.527788486939368	 0.019514289492479575
 0.35173778178091014	 0.11946917779836791	 0.928443670032828
-0.03436586387616184	 0.6713915944425722	 0.7403055546947528
-0.21940538312815533	-0.9694819841577085	 0.10938903166232006
-0.29950120653127854	 0.30638482391210514	 0.9035637038762994
 0.33422458025011886	-0.9409637295976623	 0.053676713184482194
 0.47439730015749565	 0.7141941193830397	-0.5146590730201532
-0.7160260874846885	-0.696837925530684	-0.04151563059212693
 0.15546975279507033	 0.6932505877971444	 0.7037277729951785
-0.27955538943196445	-0.05793927291572368	 0.9583797915719738
 0.5047196576660299	-0.031006366543208153	 0.8627263021371689
-0.6126850609799546	 0.7862948142589155	 0.07973381416643166
 0.6390880041726229	-0.19086657478743677	-0.7450748107080023
 0.46765017616153326	 0.46629644826258343	 0.7509134005155234
-0.5707783996919816	 0.5689560245955154	 0.592031300288699
-0.25830526826678646	-0.9292719330555047	 0.26406829196423653
 0.8335711017285639	 0.535397836842772	-0.13604548749263534
-0.8879667579713703	 0.18234575248252102	 0.42221447546169855
-0.2916715140444441	-0.61959327727737	-0.7287193552031603
-0.10815655106456261	-0.96365144605224	-0.24429091465555053
 0.22145033824290802	-0.28494804388220424	 0.9326115804448318
-0.005598465409093834	 0.9878826909694123	 0.15510140575796094
-0.4154335100269324	-0.797562849016373	 0.43738827215140197
-0.1402362800915224	 0.8782042864242443	-0.4572647122315212
-0.06307882048707314	 0.05563818192954102	 0.9964564491825696
 0.5063222323366915	 0.4942784110731362	-0.7066304899936071
-0.5637894278559448	 0.8234948704107574	-0.06322720494404432
-0.33052712375103327	 0.7912457974434293	 0.5144724564959535
-0.7628602198170756	 0.2569993524790561	 0.5932921858966196
-0.12966895903942088	 0.050678847942097066	-0.9902613874290438
 0.6448987578387051	-0.22697974216691996	-0.7297847551051844
 0.6270591756875032	-0.08084514053118928	 0.7747650311149834
-0.3488263741370273	 0.33460978069694836	 0.8754178747137591
 0.8083178732489482	 0.5493619922034524	 0.21171588818166498
-0.9511388491519949	-0.2992580237602615	 0.07602318625867666
-0.7330465299075881	 0.672816298366234	-0.09980487785274916
 0.461130588782694	 0.6345155610893957	-0.620281051479356
 0.5294859182143127	 0.8023149536386897	-0.27556374504004255
-0.32912609631945244	-0.7416931906775308	-0.5844375275631282
-0.814693869829625	-0.3864993129131213	 0.43231028160305773
 0.14386467541234046	-0.9809758005057709	-0.13034352300963703
-0.45737193795922515	 0.8408185920603025	 0.2895427526517511
 0.5765935171082062	-0.8166418195231332	 0.02522012360666115
-0.153081592776045	 0.7797577802967758	-0.6070781086646051
-0.8480155496815545	 0.4092042714226738	-0.33678107391557766
-0.8436351671243932	 0.33552449329721784	 0.4191694397122032
 0.9022672725532268	-0.382581277814911	 0.19886008836584335
-0.15492949691076827	 0.432009992818419	-0.8884617139145647
 0.9245144072150572	 0.12258067108817193	 0.3608976169599418
-0.7522510353595786	 0.13880652071301683	 0.6440893801391145
 0.7111644065525917	-0.5274219791963403	 0.4648346401821999
-0.41331924947577736	-0.3368083662912229	-0.8460066917046327
 0.8114984802863631	 0.43717316589270017	 0.3877497124644671
 0.3724301623065874	-0.46196954295744347	-0.8049098804114532
 0.3233755643347998	 0.6121283780561371	 0.7216142273885076
-0.866967905845927	-0.34601376899971503	-0.3586657523318051
 0.4654179165968218	 0.8449235021698134	 0.2636103912818526
 0.7224943717743181	 0.21639481849784029	 0.6566392961753966
-0.3434059124406127	-0.9391789764445804	-0.0039024998834917835
 0.47433891020840746	-0.4641687276257734	 0.7480307417189289
-0.1073255437502808	 0.9941028390926697	 0.015516860719885894
-0.8896751972245157	-0.2701524818387584	-0.3680973784202739
-0.8414864954900065	-0.17446228974638045	-0.5113349072422078
 0.5151088803443296	 0.7904526303038116	-0.33143246768564594
-0.08705472600792907	-0.7580102895000064	 0.646406896383231
 0.9887277588291393	-0.1437646134194557	-0.041822898620992754
-0.9591806238538957	 0.27423749988172214	 0.06903857242059686
 0.3926106191100345	 0.3711633927333844	 0.8414835932189522
 0.5674597610559606	-0.8200552193872059	 0.07415427660029739
 0.3889327329533236	-0.7660225100841871	 0.5118015663143092
 0.9801405495983357	-0.16296403533052958	-0.11299215115158279
 0.7391880000734475	-0.6125000915118191	-0.28007987868718875
 0.8076558303040536	 0.3750518453008499	 0.4550034869232291
 0.45880646924773144	-0.2294756460463443	-0.8583924228743189
-0.5061936967051974	-0.8216308457205723	 0.26208909701936056
 0.47116414597360684	-0.08705124721511784	 0.8777393849584592
-0.8822869764755763	 0.35813372655676595	 0.3054667331218728
 0.4980557480018136	-0.3988520676036263	 0.7699724021357299
 0.3380790575738733	-0.7869339329896159	 0.5161758769445317
 0.031305135909959696	-0.9651758544001984	-0.25972207943974635
 0.23595719003750426	-0.7102229301098852	-0.6632553007822359
 0.969049338179395	-0.1439724496584979	 0.20053756235031828
-0.05557310093729474	-0.4036003923646381	 0.9132460532273454
-0.40958286232431323	-0.8710282073161058	-0.2712042421311176
 0.2237496050888229	-0.8815329980115846	 0.41573511715911526
 0.5538854455682087	 0.49202773668552846	 0.6716543899356446
 0.3748445581083777	 0.6803136764343906	-0.6298133524409104
-0.3705825120360852	 0.2577618315068722	-0.8923157736985532
-0.12033336745950665	-0.8931752880571101	-0.4333102646833489
 0.6047275419164868	 0.7355594499912748	-0.3053799200605325
 0.4531615487602009	-0.8854811629193354	 0.1027994204277316
-0.7465537022520602	-0.5813846712714372	 0.3234956470562551
 0.6347937373388054	-0.5190154247440819	-0.5724158452673651
-0.742351015886497	 0.6343185156582216	 0.21576605364476675
 0.09854257711469769	-0.48120831096919486	 0.8710498963605751
-0.10065152988715534	 0.47327811671945763	-0.87514404172448
 0.19252191783105474	-0.9784022901041313	 0.07526134382034377
 0.2746696483918718	 0.8921919967590942	-0.358538735942584
-0.5720961548713444	 0.8200931430874093	-0.012378458807004833
-0.3896208326611081	-0.5377518230144457	-0.7476754533894403
-0.6503311798158555	 0.6653442322486698	-0.36658751911753007
 0.864893517419918	 0.4435967100500308	-0.23490670990372076
-0.01158361017663831	-0.6569575267794558	 0.7538385954454019
 0.15909823265816178	 0.0011573637542279158	 0.98726207912296
-0.8983505188215629	 0.12009955782538825	-0.42254282805790844
-0.392771704420911	 0.31250578696523446	-0.8649107013556556
-0.8520021868420595	-0.10460879868037178	-0.5129807724028241
 0.4911754907754683	 0.7981891492140781	 0.34877029595191167
-0.48947330314662413	-0.8589529195013546	 0.15038539685365904
 0.9497727042802103	 0.29754075360859156	-0.09696035347649934
-0.6535199428302891	-0.7309100353636314	-0.1966779207939482
-0.7221765606711085	 0.6531340786024631	 0.22776498981485394
-0.859555423433305	 0.4718060252777425	-0.1963760386554576
-0.7521364033030158	 0.5820665107323334	-0.3090136047333347
-0.5254994440525231	-0.7882609742683973	 0.32014835740001235
 0.15398266512438466	-0.6400391933547467	-0.752754388769004
-0.35551418110622907	 0.14718068826768918	-0.9230100281326399
-0.19795205033031685	 0.8529170739873388	-0.48306050415129187
-0.8299287445310445	 0.005925037179834193	-0.557837945048149
-0.016789012530589186	-0.7699992689629043	 0.6378238431219396
-0.20110516002143455	 0.9650198588954598	-0.16820638082468808
 0.3004259749438254	 0.6664740743687492	-0.6823170390466378
-0.7435503765370676	-0.2847750780921705	-0.6050090846005398
 0.20741746427966146	-0.974773693701859	-0.08242718955920902
 0.12375724416960777	-0.6510852625924016	-0.7488471975980999
-0.4056656409671753	-0.19912997063010152	-0.8920665011844946
-0.27836422139227707	 0.9451904094904465	 0.1706705893115541
 0.5405725805121161	-0.5149847274250658	 0.6652608629082297
 0.4943065499377452	-0.6954227732491876	 0.5215824010979018
 0.34923739661292963	 0.8825317028201264	 0.3149143285473548
-0.7851408024290238	-0.2868254731196754	 0.5488944054467881
-0.22277182277363952	 0.9588460481993478	 0.17603116437325572
-0.2663908320475032	-0.746346662264321	 0.6099201458616912
 0.10384994408593881	-0.9391592949731338	 0.3274064870751858
 0.43296559957462705	 0.8901764132351165	-0.1418687523905342
 0.12585825671314366	 0.6914155836131607	-0.7114100013030467
-0.9584808602271914	-0.2808008064550426	 0.049652267544805895
-0.3922534903733234	 0.8974800530671818	-0.20165999513159139
-0.2423834517581303	-0.728551226653445	 0.6406741546648926
 0.545435364707128	 0.13607496656332274	-0.8270331712825025
-0.47096575932036155	 0.8691838562533165	 0.15070062234911075
 0.34588057376413867	 0.5768746850456251	 0.7399879907445128
 0.1477163823009374	 0.440166954473161	 0.8856821792210485
 0.06820718106427397	-0.9273573565604616	 0.3679077515960465
 0.8892353583696213	 0.061733636702233204	-0.4532653036851242
-0.03214128553683865	 0.9982729049510893	-0.04917463781821607
-0.09042324518737552	-0.056882075851557065	 0.994277660503645
 0.8894665057828516	 0.4340396350152054	-0.1430347172063895
-0.862099289587824	 0.11260280665193757	 0.4940702610219274
-0.5201590398865129	 0.2613007312785191	 0.8131153061267831
 0.41558934842255113	-0.2983213051100241	-0.859237971923478
 0.5914376941466928	 0.6535209723340604	 0.47234711035634325
 0.4555238650273879	 0.8750275672498501	-0.1637826759560339
-0.01168903431693919	-0.020859024426406622	-0.9997140929169279
-0.3722873411475983	 0.4602011618385302	-0.8059882296061889
 0.4613922601909987	-0.6675158794033297	-0.584414008199873
 0.719322585942842	-0.6930061478073759	 0.048140382774590984
-0.7733616184800673	-0.619822955292388	 0.1331589694857278
-0.35042836380986103	 0.9265329480254707	-0.1368819128328287
-0.5058505433748297	 0.2800209451396137	-0.8159065498269438
-0.5833594287631727	 0.7644967619715485	 0.2742926863919677
-0.4302368644253041	-0.8995190610349961	-0.07590585829961616
-0.22946191802490398	 0.9454272701292854	 0.23133202344729464
-0.41156054524434116	 0.59231763071018	 0.6926599035226881
-0.07162032202866674	-0.971604193527208	-0.22551235130886704
 0.03659646853177588	-0.9877197508806225	-0.15188940783123694
 0.23675546850116433	-0.71517782508883	-0.6576226323933849
 0.22854028170345336	 0.4185605137307138	 0.878963273399058
 0.5431701035964313	-0.4759823805785481	 0.6916697274984791
 0.29642203102471104	 0.9474943997628303	-0.119951414919788
-0.8809584842773783	-0.4731827777110329	 0.0031949737675622814
-0.5831393339359963	-0.6966701690238649	-0.4178506824320647
 0.8016642302140566	 0.3998558389240685	-0.44435320418967783
-0.7801302285574705	-0.5272001012214497	 0.33683360842255894
-0.6843607035351944	 0.4977477590216285	-0.5328204161307641
 0.13225400764361994	 0.12307525933765065	 0.9835453004316432
 0.0354272714742656	-0.8255933435006101	-0.5631523236242326
-0.5997379363953526	-0.48548774869711553	-0.6360943746907768
 0.05526359117262249	-0.9852465717227672	 0.1619726162017503
-0.5834039466147893	 0.5458223782083633	-0.601429768569244
-0.1201842242236814	 0.5356648246860612	-0.8358342825236371
 0.11031664577501253	-0.4319527178289778	-0.8951240624768781
 0.9002530120201057	-0.41677387900684365	 0.1258731429905373
 0.7318792651240686	 0.616129693686911	-0.2910961041283904
 0.10587577021289549	-0.8469939602154741	 0.5209525435587525
 0.18550874761071232	 0.9781866658597783	 0.09347380004062833
 0.03335051771559407	 0.7295904784459842	-0.68307062352956
 0.1424613623149296	-0.6144047915933445	-0.7760228813086074
-0.5490035692139548	-0.0658344740478283	 0.8332232011995251
-0.2980930988361229	 0.9499804261129173	-0.09315414337858208
-0.7408432209841258	-0.49058970136064434	 0.45877343737485443
-0.07245253593970849	-0.9626578955194792	 0.26084556011155846
-0.09433306869019129	-0.4943382163169155	 0.8641359846922834
 0.5172724680826019	 0.5907057873025544	 0.6192704309193222
-0.8969574898611327	-0.15847520393906328	-0.4127382598190872
-0.5986904859959767	-0.22581723891598418	-0.7684896073378369
-0.24357715570346752	 0.8699384308224308	 0.4288091601139319
-0.29560074732978314	 0.9505412406752999	 0.09534960908957846
-0.8686750206655816	 0.4939215142026332	-0.0380163948768113
 0.3724163136138599	 0.7640965375056377	 0.5267471601500655
 0.6309918794131564	 0.4332546347759114	 0.6435368439800819
 0.5712874228842527	-0.4855199572202632	 0.6617409248301807
-0.8406911039899698	-0.22336949143032858	-0.49329964318888586
-0.06793020808252499	 0.9975847927314311	-0.014493727638275944
 0.7704426030567552	-0.597059959491258	 0.22346722392205232
 0.1873228618063491	 0.5650533204956159	-0.8035078658243231
 0.6407324605369907	 0.6272238289099995	 0.44277780258465227
-0.021844884277549954	-0.6483220814757472	-0.7610527443626065
 0.2803351852836588	-0.9248042014996748	-0.25719520364992365
-0.5210339899896009	 0.21901001326037972	-0.8249595113502268
-0.6630970757578762	-0.6943230762118969	 0.27967433554225507
-0.33695848758757185	-0.6088449128326192	 0.7181690955203632
 0.9246453075236056	 0.26695419573042317	 0.2715999128433213
 0.06562730099964519	 0.9553609349958431	-0.28805996120143207
 0.6473183945752832	-0.7422216481022662	-0.17345293636267378
-0.5740270563052032	-0.7225210155443808	-0.38530029941112165
-0.4992918448441759	 0.5149364447674222	-0.6968128238791154
 0.5048331460411861	-0.032056351147831584	-0.8626215189810913
-0.35375864973671833	-0.8505902106534944	 0.38903870151554076
-0.8473516460198822	-0.3285491694019368	-0.4171937574709066
-0.3935854997952244	 0.6844760152329421	-0.6136636203342809
 0.2835615407105876	 0.439222828951986	-0.8524530246044366
-0.40647693256356454	 0.4123711352460652	 0.8153076413904059
-0.7711130887460588	 0.3568311025125645	-0.5273103153212351
-0.14394638744654842	 0.7681959041729054	-0.6238224830455059
 0.5402852893765192	 0.8387359661204008	 0.06792484979305247
 0.8425077039419127	-0.3041039482427464	-0.4446364328996213
-0.4532051655809006	 0.11752172793576598	 0.8836253286058409
 0.6209890553929023	-0.31448739003044257	 0.7179625857898664
-0.933247519462352	 0.23860934175816356	 0.2685417089450035
 0.7981466843323233	 0.016816635055268796	-0.6022284210121078
-0.2130525166992732	-0.5216770686912039	 0.8261123780272626
-0.5131710275407049	-0.7954846013151299	-0.3222727812945516
 0.6433942320971944	-0.23141350125434074	-0.7297202570446217
 0.22548069265916232	-0.20602859401765103	-0.9522135662156124
 0.6503774684918634	-0.7052885352652959	 0.28209436453330405
 0.34821303516689794	 0.08094830231944387	 0.9339138367598248
-0.01530417530519229	-0.8135606605106315	 0.5812786198439892
 0.5574900496277535	 0.8029272275448778	 0.2109803588800172
-0.7843437452266976	 0.6184908560801996	-0.047685954629629324
 0.6007313575115996	 0.6648071750025492	 0.4440194321957103
 0.5569297889619109	 0.2140440257203417	 0.8025050561960785
 0.23474676847556394	-0.719538547944681	-0.6535734332972387
-0.17234186550311395	 0.10082270777899698	 0.9798637981837157
-0.46042730859054265	-0.8876973496031675	 3.3016901892279904E-4
-0.6027719611470814	-0.7968309187917607	 0.04155056813546265
-0.7779851993236115	-0.5779074474666782	-0.2464995168270092
-0.34346740807793796	-0.01781345482044185	 0.9389956445136385
 0.6622724222067279	 0.640488535958147	 0.38880544503726133
 0.511686879887152	 0.23544758366927956	-0.8262814122898134
-0.9677091541031017	-0.19771154474103134	 0.15636220176620297
-0.9901961556353244	 0.06847562437541901	-0.121748356175436
 0.47364144917764317	 0.675457095717632	 0.56517385773371
 0.4015647447691681	-0.9157700370209774	-0.010535418979360722
 0.14341861872865	 0.8813441570062025	 0.4501817152139702
-0.09196281679734321	 0.9516730224850112	-0.2930209866220195
 0.274368400427278	 0.586187024401773	 0.7623035834036018
 0.4884943447276292	-0.4155709725375422	 0.7672509641266836
 0.2977257923958285	-0.9273119639724942	-0.22683005536249268
 0.2791846914058696	-0.6417512448144994	 0.7142907306297974
 0.7174124978274803	-0.6943054087757401	-0.0570903433663521
-0.9397250822551384	-0.14237474377827736	 0.3108797229068556
-0.6269584101451644	-0.532687417380953	 0.568478027114732
-0.42693124710953184	-0.7597198220966918	-0.49046457787986153
 0.5029974993843487	-0.6965607438197667	 0.5116606744536318
 0.860086275115908	 0.5100576071259727	-0.00963518397175367
-0.13718978531985015	-0.5840682822958527	 0.8000270023067131
-0.562693821937039	 0.0025165073253601484	-0.8266615570744593
 0.7578777266155661	-0.57971484597784	-0.29925248345320443
-0.44546402511905536	 0.8781111877360317	-0.17459250928245829
 0.14390166478541525	 0.08027232330758033	 0.9863309104873421
-0.13955657438233823	-0.39440789822626815	 0.9082765946359097
-0.8664506916415597	-0.2009783873943947	-0.45702394549324343
-0.5155359243341233	-0.11240194062360845	-0.8494636628279093
 0.5431728404967866	-0.3014895274446448	-0.7836244828920655
 0.2059908190737781	 0.024413954668887884	 0.9782493246993527
-0.18324725658245863	-0.9710005711418765	-0.1535523812812809
-0.14633502461566034	 0.40844837893661656	 0.9009750175863835
-0.86808449778874	-0.4592825068237455	-0.18838493470701745
-0.15138179006916375	-0.6143300232956862	-0.774391487629466
 0.33357206549368745	-0.22649373382646434	-0.9151121601528536
 0.2607628556762944	-0.21261137033454944	-0.9417001318381606
 0.7473499669659065	-0.6330280758766325	-0.20185014745594532
-0.440541162519392	-0.8966093647903803	-0.04489021158619422
 0.6869214624504475	-0.38288392532152615	 0.6176882742575891
-0.6135430010499733	 0.3556262443355993	-0.7050496154189072
 0.9797981893937846	-0.13575580929190365	-0.14685322027167724
-0.7599389644884067	-0.44503500195766127	 0.4737474192909472
-0.2615028401448661	 0.9528829026179515	 0.15372195189547955
-0.6371258369308845	 0.4244726297825803	-0.6433456726213214
 0.267042925535231	-0.3706219805598472	 0.8895658623438072
 0.37984629785881574	 0.03289841312923574	-0.9244644311256816
 0.4834254444712858	-0.06463743744027454	 0.8729958999439198
-0.759845656165836	 0.6110856850386298	 0.22183071100904583
-0.21096029429334498	 0.9758461544007114	-0.056745371379596454
 0.6473469876534789	 0.05374173779643211	 0.7602984303512577
-0.2998225482586201	-0.36886914134878473	-0.8797965651878381
-0.8259423211272526	-0.37271687166769507	-0.42296739324110244
 0.6066731395194739	-0.638529683597691	-0.4735267098593461
-0.4156351401484336	-0.7430882727172025	-0.5244685397847584
 0.9136508305165736	-0.3976759458074378	 0.08423777075953032
-0.05041024022961284	-0.9344502846062678	-0.3525074088288893
 0.11710462864000892	 0.4445087259733725	-0.8880869881293245
-0.9161934147843023	-0.3627045796161699	 0.1703966391433136
-0.7481275077308666	 0.2304040145298731	-0.622269412927327
 0.8928054757679136	 0.44360832215846674	-0.07816673813444797
-0.8652201481222871	-0.493478548361527	-0.08873002642988292
 0.2281405229108427	 0.8629186801971045	 0.45091379794019915
-0.04667743794177528	 0.36285149817877554	 0.9306771766066952
-0.46491528580826813	 0.8647287012301513	-0.1899948691165949
-0.4063406929329247	-0.6780910222882185	 0.6124375941750386
 0.7608471231293964	-0.6366975629450489	 0.1254107992381701
-0.05173927493859429	 0.992336481506466	 0.11221120666045703
-0.3963244890473426	-0.4945723258207735	 0.7735147793763177
 0.9347690358298844	 0.2624965872545095	 0.23937917898890881
-0.68305930381782	 0.45576972937086907	-0.5707047759193187
-0.7330634442612488	-0.45517019701803935	-0.5054088230674196
 0.9771433080933567	 0.21000549801400625	-0.032994639750431265
-0.4005365859812581	-0.44897495490009137	 0.798743972223227
-0.1396714868362125	-0.607696764388523	-0.7817905846943167
 0.42288182787126755	 0.3714904685484683	-0.8265384391750303
 0.5811730975538936	 0.8107854729679995	-0.06974774192524058
-0.01836307253267523	 0.47961130273298613	 0.8772888896241235
-0.3912527716335194	 0.05510131189721602	 0.9186321974088949
-0.9506150565198127	-0.3048188592628593	 0.05845064033457992
 0.7759941385713732	-0.021786114827150184	-0.6303637537990352
 0.9420359254957779	-0.3021612236607484	-0.14583178662812957
 0.8115216741234244	-0.25655190848107934	 0.5249892291110652
-0.23306253947335207	-0.19924212414053036	-0.9518321431125352
-0.6519795241222699	-0.50211618945324	 0.5681566970601124
 0.19632951468234108	-0.4068362338569901	 0.8921541349372635
 0.14451658146650295	-0.8104757826061461	-0.5676653622427481
-0.759119250181017	-0.4211740814371615	-0.49633693911512733
 0.7754128236179718	-0.3322901444355393	-0.5369527100963478
-0.7523014246975114	 0.19867196746110105	-0.6281496762263195
-0.6947501486810195	-0.3868875251593217	-0.6063334674779188
 0.29939221898432866	-0.19298198346123255	 0.9344101097863873
-0.34202991667652316	 0.1342014164286649	 0.9300567272628002
 0.04568022355863693	 0.9967041337878353	-0.06703869677935037
-0.7586496883555759	 0.23128944014757366	-0.6090614461893065
 0.5819124975999098	-0.7514871799238847	 0.31087757002891303
 0.8716679797826238	 0.37674854821364195	 0.3134572768984516
 0.8584132984402133	 0.466498808171606	-0.21332011399646422
-0.15658006956149637	-0.6877803193263511	 0.7088306667769528
-0.1713504675928666	 0.9817707087026434	-0.08225139992252584
-0.3444003329028889	-0.5766630823088602	 0.7408428309691766
-0.6055245340342686	 0.6470970390455101	 0.46325528679240713
-0.02497604689349435	-0.007579749830595913	-0.9996593142036339
 0.529846436248531	 0.12950694814462002	-0.8381471853898921
 0.8652156865171766	 0.427636547128397	 0.2617800591426187
-0.06033550507138664	 0.7498908505525748	 0.6588044771290771
-0.5282395732865338	 0.5656364431865732	 0.6332601103443223
-0.4155933135602555	-0.8748397269286874	 0.24887275847578594
-0.30476866995667345	 0.6955587876747585	-0.6506258761387074
-0.7547697482371247	 0.043123373859456623	-0.6545708531343606
 0.406738925634167	 0.19076858986256054	-0.8934040471678051
-0.3484668710842064	 0.9263661011253358	 0.1428869708637821
-0.31250197823908465	-0.9294368748172153	-0.1961876890293237
-0.3221953350807064	 0.49213161991735443	 0.8087005841037533
-0.9408260048488991	 0.29081068858823383	-0.17399877011891896
 0.5765333569271703	-0.7686198708360628	-0.27718726974058927
 0.09252323594703642	-0.796927302871143	 0.5969475058565992
-0.8869625336722532	-0.4042018310069029	-0.22342413404188055
-0.9923256211630608	-0.12060601289342784	 0.02727730260300354
 0.5830118960682158	 0.6763331634113118	-0.4501894946719567
-0.525966359153511	 0.48741405260053816	 0.6969841679452409
-0.12057215827469137	 0.707656018950103	-0.6961934454536858
-0.475750115215747	 0.17002592233214003	-0.8629907378456088
-0.8664046057735539	 0.4731118207602826	 0.1597130681918757
-0.5200870841488235	 0.6198006138216747	-0.5876705063280356
 0.6094875972238417	 0.5448488652388846	 0.57590327562726
-0.49191728783596483	 0.5896156566712165	-0.64060187272305
-0.43649025220405846	 0.5583943540068961	-0.7054587196598101
-0.7078143750672531	 0.009983842733021086	-0.7063279219544107
-0.2481547144421364	 0.9221590158304505	 0.29671870049384585
-0.21079482422676557	 0.5913830869054124	 0.778351839852282
-0.15810383609733825	-0.02235500260504014	 0.9871694033294562
 0.3206109460884443	-0.38226578518866	-0.8666495778123762
 0.13841132672530992	 0.9745585789680536	-0.17628919647530128
 0.9471877274361572	-0.21700419578415933	-0.23610291825049146
 0.981990299177006	-0.1678130191076163	-0.08679771275927184
-0.19032616176271475	-0.39459934159088944	-0.8989256430677175
 0.5963538255260746	-0.3649784186532338	 0.7149495567505451
 0.9267552183949347	 0.37461899160043	-0.028024566188146638
-0.3702464793392298	 0.09437479070844855	 0.9241271251379011
-0.048074173587726594	 0.8304191682601075	 0.5550611487215154
 0.05409629623801902	 0.9874961392928091	-0.14807081284009138
-0.961882116903018	 0.009051368294251544	-0.2733145914768742
-0.1511386225693882	 0.9727542488392203	 0.17580184337222438
-0.24970835184694246	-0.8664401865401908	-0.4323507166249212
 0.7680180349763777	-0.6091327216907844	-0.1977514230457038
-0.6709403341145072	-0.7378062690120363	 0.07403362388031853
 0.432421471126252	-0.4751105314850626	 0.7663430394940567
-0.7639474353377863	 0.5736165192916384	-0.29554763547787766
-0.7605313751259501	-0.279169002106256	 0.586222394413612
-0.19139759530635284	 0.9357343681507523	 0.29625690333299937
-0.37069402390256256	-0.8798260620195908	 0.297476118762541
-0.9945408938925162	 0.040623167941326616	 0.09611539211742248
-0.8451594858569385	-0.21693077146480652	-0.4885145687261736
-0.5208717749145381	 0.8353409635214567	 0.17577846500758576
 0.7635438069840004	-0.5850198766477072	 0.27340921481084157
 0.677900855648875	-0.3273213092466236	-0.6582637696422304
 0.8261910602966898	 0.5098774981402402	 0.2396523915509312
 0.5068735955994558	 0.3263408352287719	 0.7978601489899511
 0.8224969101111395	-0.5115119194658088	-0.248705426362257
-0.5440209281961005	-0.7899012469615426	 0.28301457512512185
 0.5965217987460907	-0.28812663189238114	 0.7490959802422388
-0.6887981830761	-0.7019907805547131	 0.18101383098329293
 0.8740234158362892	-0.4597036249693176	 0.1573392696053153
 0.45854204830022777	 0.3615314112574439	-0.811809231663962
 0.6553165364561345	-0.6651793721144246	 0.35790590936808475
 0.7564284931009705	-0.39114596083708353	 0.5242335091787149
 0.358890587615529	-0.6365668395498015	 0.682627427596165
 0.507271923359424	 0.6035316095499313	-0.6151624111121385
-0.8776523642852975	-0.08831835262859805	 0.4710904329886123
-0.9329040355165458	-0.003087882482012911	 0.3601118236030594
-0.17142334214313107	 0.969939540347805	 0.17271747403887017
 0.8405801937600133	-0.5283564772476093	-0.11943354138965723
-0.39914417143193603	 0.8910620256268792	 0.2160842356527568
-0.1272053840215663	-0.792018456207586	-0.597097609526682
-0.40456041492932904	-0.9114369068155095	-0.07492419880642909
-0.9790756047358806	 0.20321470152331625	 0.010711923070066742
-0.4610627722739955	-0.6242871230045619	 0.6306240623966903
 0.4886346537513566	 0.7851028733832127	 0.3805911892815108
-0.9485472663467822	 0.07170275472496378	 0.3084101140865816
 0.9374320946150528	 0.012476946384408242	-0.34794452689265754
-0.7902479861997997	-0.43366678603845543	-0.43294484521037724
-0.713901845148474	-0.28406691128283257	 0.6400391749009084
 0.7862055808550531	 7.295788133818708E-4	 0.617964604445209
 0.27812791025368205	 0.06492197765882729	-0.9583475373552053
-0.972324035755035	 0.2325144484376823	-0.02286920988494967
-0.34355240168687556	 0.4679261025752552	 0.8142585030712983
-0.9584736032965363	-0.2734836984518284	 0.08083946106242501
 0.6716617353097303	 0.039135810315795334	 0.7398235611763442
-0.49130984984669107	-0.4571530013633059	 0.741367496447034
 0.049145165048154575	-0.9388193873447651	 0.3408854803273227
 0.40950951316693707	-0.8070556817644056	 0.4253975612971572
 0.628966807884732	 0.04054195748334283	 0.7763743325630423
-0.41183552563118925	-0.8628750919469828	-0.29298135695905314
 0.8161657276645312	-0.5650255405686859	 0.12091171775676068
-0.14501691850563003	-0.3409740055914627	 0.9288201229829405
-0.5081440317614027	-0.6872557887853259	 0.5191041550270294
-0.2912614465502914	 0.32074288761621306	-0.9012717513586261
-0.44953190943996596	 0.0016283332835596873	-0.8932627893996121
-0.2703204039549332	-0.7164613719485602	-0.643125167997046
-0.19509314300138253	 0.6906960197136568	-0.6963315833032091
 0.283014846708139	-0.9585101559526359	-0.034071652123462304
 0.9930670235737373	 0.044972426169885955	 0.10860648035357912
 0.1927355327512748	 0.6773571697838376	 0.7099579416821193
 0.41614312168941264	 0.8333272759015586	 0.3638551270891732
-0.5214450569727445	-0.19355690880456425	 0.831041981859348
-0.5343530890696928	 0.5866895234546743	 0.6084917248987072
 0.7284890732589258	-0.6583338832621467	 0.18947339731828805
 0.3728622910786318	 0.23104744517044795	-0.8986605532523404
 0.4681251253625571	 0.8601341346997076	 0.20255403557736296
-0.24395702380140472	-0.42748326044299423	 0.8704843666482402
 0.1060962084256323	-0.7048388926005713	-0.7013884302120368
-0.30592100304278486	-0.5653518685543639	-0.7660219348160897
-0.17438419320318993	-0.43580298893471636	-0.8829869240234762
-0.618909700890948	 0.7734649823978091	 0.1367578266405043
-0.8115220321373835	 0.31586661972284225	 0.49158953396149196
-0.49967164841559014	-0.08826389958760346	 0.8617062885921376
-0.9272903149456619	-0.015393819555677701	 0.3740263388151459
 0.723841354728895	-0.6608967905854746	 0.19816438978297146
 0.18286879473761758	-0.9407957144036032	 0.28541623582239484
-0.0861270822489055	-0.11942895189475068	 0.9891000208030589
-0.5337928418446266	-0.7595471343132458	-0.3716898609754824
 0.5230889810877781	-0.8425309834788693	 0.12852805041188264
-0.6456373336380443	 0.13422156271308439	-0.7517559481079044
 0.7158276018131461	-0.5285351542086285	-0.4563347841750629
 0.28292214758571976	 0.9591386171507252	 0.0028585828094884747
 0.8737511997577859	 0.11858068148145148	 0.4716963672758401
 0.29421423572773125	 0.9296871786111301	-0.22162972143018989
-0.8971388123646297	-0.10569576968083226	 0.428917655990702
-0.9108464489369185	 0.14269834211486027	 0.3872930797428169
 0.933711390226188	-0.1398420486796485	-0.32958646996343477
 0.17370686188508014	 0.37147112506627916	-0.9120499599123013
 0.8733225778307472	-0.3401859531583567	-0.34868494708662
 0.4734758901892695	 0.8766516230822354	 0.08545474332511427
 0.859231195748278	-0.5109224321368326	 0.02607720445845696
-0.7123971833585857	 0.10068666592846566	-0.6945159814194077
-0.19232252896049618	 0.2821486440761791	-0.9398958386439493
-0.022758348970604553	-0.21520942336709586	 0.9763026998047963
 0.15801419589767923	 0.1329800787634107	 0.9784415222929201
 0.015179136193956876	 0.45793301344985426	-0.8888571026982577
-0.08239932439852257	-0.6684865774891902	 0.7391454843638403
-0.49139588565075415	 0.17977384323349035	 0.8521804086310429
 0.6132450462039329	 0.7898723668059735	-0.005670755034900887
 0.8643785748834368	-0.46913271138582074	-0.18100877987066566
-0.9031272376359251	 0.1268040036835966	-0.410221814741627
 0.8204108255981593	 0.5632240450320742	 0.09851270140979129
-0.8234544601516728	-0.548386483507074	-0.14558508427398342
 0.5070807322501274	-0.5298157154529899	-0.6798267710525316
-0.6028763822724867	-0.7847708413731431	 0.143787322906185
-0.10168663082819869	 0.9197944604770241	 0.3789960152647911
 0.8809726855653569	 0.2913140056751656	-0.37285825374430503
 0.6584405888386314	 0.725881479149587	-0.19887702028500942
-0.9852103254731704	 0.0904427596295882	 0.14553598115804212
-0.865775099391019	-0.09997970220025973	 0.49034430395633066
-0.42106587464158146	-0.2150624593920728	-0.8811649492419413
 0.36014356828282296	 0.8651006180219692	-0.34913826906044343
 0.8559415445171695	-0.5138460220207189	-0.05767441393759687
 0.3040510739953249	 0.0793276455618314	-0.9493471804623985
 0.37793943834356003	-0.16545675650533928	-0.9109258162283509
 0.8342539949918376	-0.2859381635900338	 0.4714442050157346
 0.5757051269922222	-0.25169461854390585	-0.777954642476608
-0.8631960801774444	-0.46957784411353526	 0.1854431866744617
-0.06460620445983947	 0.9977025828094294	 0.020386137463661136
-0.5529649279888362	 0.5722391301091547	 0.6056171780805255
 0.029232170933142107	 0.5046568792510534	-0.8628249616272834
-0.24687101541236586	-0.41550019938472954	 0.8754509044261234
 0.674584714601848	-0.10051321053032823	 0.7313224715092714
-0.3326727930373051	 0.267703367170866	-0.9042475988235406
-0.9348852277367709	 0.023028543578043827	 0.35420233926421263
-0.47904107592288064	 0.11832533675925364	-0.8697808702538004
 0.6000606483847248	 0.5030550517329746	 0.6219829846435012
 0.7916205812034416	 0.3675313909439736	 0.48811630999784605
 0.9884606288934157	 0.13559830392706063	 0.06751803536639445
 0.16004006654919045	-0.7415230915830879	 0.6515601904260191
-0.6281490491585896	 0.7616842766594674	-0.1589523033205369
 0.3950077213672219	 0.6926789318661353	-0.6034606842281156
 0.6630577094741997	-0.5717703877042775	-0.4831491463837312
 0.8730726732760283	 0.4636364913377903	 0.15094804098971504
-0.9841489294416348	-0.06897583581953969	 0.1633805947837137
-0.9024074469559871	-0.35815938977436873	 0.23954676202117442
-0.6595668952261239	-0.7501558035791309	 0.04730519081791873
-0.8786048226626271	 0.47731087137262435	-0.015096279789397649
 0.8101042580665522	 0.5710630725060613	-0.1327330338776982
 0.5990544367547553	 0.7980644540797951	 0.06501468248604736
 0.6194201090217428	 0.7438317509657468	 0.25106384605259935
 0.37305398517961	-0.5757448053056261	-0.7275634977822885
-0.6928259925448378	 0.5997621244884407	 0.4003467722904388
 0.10735508098324859	 0.4694430936060074	 0.876412042621906
-0.2657117332888372	 0.579842369011788	-0.7701818628684003
-0.5398895902690165	-0.02389476651422174	-0.8413966189927222
 0.4334528661708471	 0.20863479100567306	-0.876692726552637
-0.7464769645094799	 0.5498886219035888	 0.37469273406043624
-0.2278365725063005	-0.8454525454329144	-0.4830118939007477
-0.8021041755639484	-0.45375293044084614	 0.38824885017115407
-0.07922662621989275	 0.38287482952750024	 0.9203966572147582
-0.2411722838223848	-0.8130453090367309	 0.5298992875719517
 0.6776301136299782	 0.6708898332952158	-0.3012046823722041
 0.34968994681254023	-0.9254174847700707	-0.14601171179079708
 0.14317085710814043	-0.9891076464880638	-0.03417849226873648
 0.18413210463091081	 0.977441367312748	-0.10345888801826963
 0.563405724161518	-0.39294945547230126	-0.7267494172175559
 0.555524435247153	 0.4202160315573518	-0.717503371884427
-0.6645492822767676	 0.48913347254417255	-0.5649094595263142
-0.9950551015527123	 0.048264420092469805	 0.08680950769966955
-0.5996495235019071	 0.14978790867361524	 0.7861196037366835
-0.061337913374935625	-0.9589579222096034	-0.2768345423068612
-0.031194889146867466	 0.8348236439111868	-0.5496329342915713
-0.22284111932764525	-0.6943088183861778	-0.6843077525850425
 0.3350420396488323	 0.5241858224949046	 0.7829278735383551
 0.7625068175579472	-0.6469723119863757	 0.00319072102433271
 0.8701179124956187	 0.49041235455617904	 0.04889315752670864
 0.7708933943942669	 0.46803427199056474	 0.43205010672553645
-0.20617666978037655	-0.9000490333605763	-0.38393087709243434
-0.8354107290281124	-0.516891905969629	-0.18684665201121975
 0.24005522866291854	-0.8529347572639033	 0.46354696314695043
-0.21965587157379343	 0.7272440348401488	-0.6502825631005167
-0.4972161364596675	-0.5791023351035307	 0.6460778584054396
-0.7657800499499732	 0.2623525099919195	 0.587155921029122
-0.11141631524332363	 0.8561358504597857	 0.5045966807808984
-0.8733433353786234	-0.38936341739701835	 0.2926901907182007
-0.9422340722371059	 0.31120925206594763	-0.12386990976033574
-0.7548434190794219	-0.6364854055042305	-0.15842266647359304
-0.04116103356619613	-0.9424818033068143	 0.3317134603106997
 0.5818375242584104	-0.266326322651015	 0.768463001860227
-0.5169830883207813	-0.7335536219487309	-0.44116614797172016
 0.19379167695376714	-0.46564610633143366	-0.8634920321588508
-0.6678392506682775	 0.4475809166806451	-0.5946949287577177
 0.6778643079009568	-0.6636092443127123	-0.316421792765081
-0.3161142778030512	-0.9303838474384312	-0.1856277452179962
-0.9062612008680372	-0.27158991498680674	 0.32392831595691396
 0.7394689207982768	 0.666628589421676	-0.09376587299811323
 0.6551078481984222	 0.5523998380698761	 0.5154494409049326
-0.5621304325810154	 0.21333063050204495	 0.7990615863973694
-0.3040661086199973	-0.5831572640614237	-0.75330698056044
-0.2326931188606779	 0.8805112255199047	 0.41298171166327213
-0.7754856802472877	 0.6297251111688713	-0.045477951743171374
 0.4035985392225914	-0.7889110865894352	 0.46338700520587195
 0.8332849561794343	 0.022558273777018755	 0.5523832963524868
-0.6409598033363445	 0.7572749071942684	 0.1253205707014886
-0.33836778218988905	-0.13804855532543628	 0.930832874552922
 0.05735483214267514	-0.8255398179739475	-0.5614217952390406
-0.5251433413592151	-0.8236910299544228	-0.21391016385085804
-0.7697061986779744	 0.4776505464264812	 0.42355911419208825
 0.00118763200782373	 0.8278365662126397	-0.5609680999588833
-0.41295822515641556	 0.052901388798543475	-0.9092122674814989
-0.07135303712733308	 0.8158734613012054	-0.5738111529389232
 0.17998729245048226	-0.26399929799426686	-0.9475805745238126
 0.28418083372292274	-0.255604187840925	-0.9240712921104766
 0.24635901556996848	-0.6509137151656079	-0.7180658541225182
-0.11465170397748688	 0.9930340143266262	 0.027174126764346607
 0.1620079576564842	 0.6762772691809558	 0.7186114922857301
 0.9219982898833747	-0.25034552216714334	-0.29537480085984447
 0.34199825872287337	 0.33938602018477615	 0.8762729713586179
 0.9549088804663431	-0.2651381858206952	 0.13360678286009886
-0.8803540580535932	-0.2682644153352168	 0.3911661231924679
-0.06956937308162549	-0.5370110387057516	-0.8407016394876361
 0.8436417205201383	-0.07418073504495586	 0.5317573374632556
 0.4508784897669872	-0.19620384119106413	-0.870754064111855
 0.4921333690572853	-0.8654743034511932	 0.09358940712494057
 0.06074795232342693	-0.8011997437120065	-0.5953055156508511
-0.5732611605511438	-0.7982729481430684	-0.18474832087607584
 0.5605052318462039	 0.7660775922711602	-0.3145775066546481
-0.8513070999664653	 0.21872791170677533	 0.4769007466832904
 0.35305261474920785	-0.001677918285834881	-0.9356019644106
 0.5732566483165288	-0.007658480407300248	-0.8193400776470969
-0.002790556235257396	-0.23197080296183123	 0.9727187462823677
 0.07223686021499041	-0.26105529861518223	 0.9626172484903945
-0.17705657567150435	 0.6579654933017082	 0.731937414425387
-0.8807886300475152	-0.448798296430204	-0.15096846790097684
-0.3926999829667347	 0.8693544868343687	 0.30001583224702943
 0.22160328355716888	 0.6294791769666153	 0.744746903640501
-0.9439695311648103	-0.3293503697095899	-0.021209861023698373
 0.04976143607568242	-0.49001506938557965	-0.8702924975286936
-0.28712947510135	 0.6989241988283865	-0.6550279603346114
 0.4924744364331486	 0.6661113770388287	-0.5601469118358933
 0.8363750315080748	-0.15204039046619247	-0.5266502884616646
-0.24748085552638366	 0.5768867833219781	-0.7784310280149105
-0.19314924576530887	-0.9127372298882789	-0.36000571944923787
-0.23321651784084363	 0.7007091663545839	 0.6742527122621425
 0.940684248718027	-0.31545019629728543	 0.12491724408505522
-0.3586710865368234	-0.9328644552780111	 0.03345085591362751
 0.0050755083518966414	 0.8784728528655408	 0.47776530430039377
-0.7741136619957073	-0.4927601353593991	 0.39741098036186995
-0.28412810103166486	-0.8990192410248297	-0.33322008713653384
 0.33247201270719307	 0.10529093062492415	-0.9372172537328607
-0.26136429900886243	-0.3478341995196261	 0.9003888453596851
 0.1523762218192424	-0.9656249153821036	 0.21059442019530894
-0.3338246220166472	-0.8499734069766816	-0.4075614421996945
-0.054577883795131836	-0.9902091755430231	-0.12847973875616114
 0.5871746831440167	-0.8069432720912864	-0.06378437975971729
 0.8652682864821066	 0.038273953855419776	 0.4998458731094939
-0.3623286753638389	 0.92133073905537	-0.14095247525592303
-0.3175039495789924	-0.5066309029788546	-0.8015711884471466
 0.7339540521862513	 0.630884382860992	-0.25158764822917434
-0.22972846425101967	 0.7131108864871218	 0.6623425822687374
-0.6848381899117548	-0.03464248711908024	-0.7278712466670156
 0.44554626852675555	-0.48389196288701	-0.7532178243079759
-0.34597566037702515	 0.37661809683390146	 0.859336750967798
 0.975836106272749	 0.03784704963897031	 0.21520105605704054
-0.14162966309210046	 0.9893226203204297	-0.034377193817078266
-0.06822968287428664	 0.980075490883795	 0.1865388499582934
-0.32720770514850783	 0.33063730491456284	-0.8852197977283842
-0.17427870872092022	-0.3397997463961623	-0.9242094265022796
 0.2758987956089984	 0.3597136918793773	 0.8913393935286449
-0.08763911066272446	 0.9078389139905758	 0.4100584013609021
-0.8037892524685374	 0.22150068280891977	 0.5521415444713902
 0.748421725030288	-0.6331707519950586	-0.19738216819333032
 0.2704725638236973	 0.9246354650779206	-0.26813028351675094
 0.21633553794686333	-0.7850548889743073	 0.5804203272791013
 0.4367328660828652	-0.330719550891476	 0.8365936781623362
 0.39160407462977725	-0.10472944410565736	-0.9141542497142787
 0.2351924028910536	 0.47320473454080947	-0.8489769212590494
 0.9453287879801088	-0.3259192246511165	 0.01140796295898916
-0.023706299341940296	 0.902847827396612	 0.4293061983441746
-0.84072739512439	-0.465532753456515	 0.276508051504027
-0.7210788421714858	-0.6620939812691895	-0.20414912035015864
 0.1662196829158986	 0.8930079565126612	 0.4182198065807252
 0.17985882159432054	 0.4981801090997553	-0.8482142318966703
 0.27067630818144867	-0.5953289848470881	-0.7565168444854331
-0.13184395356225762	 0.2295758576047661	 0.9643194997064559
 0.39844996955365347	 0.7121705123646229	 0.577971264926729
-0.7424379910829481	-0.5936658983455765	 0.310397536295403
 0.9245467916982438	 0.15685549813662406	 0.3472889037455642
-0.8945976893360389	 0.2744100900284	 0.35269544471856396
 0.31110877036638945	-0.948417745974996	-0.06095171958871304
 0.2709691677216809	 0.12164702392115412	-0.9548705209164987
-0.8491203251381032	-0.49649645461571795	-0.18023857520348985
 0.38322923939267733	-0.4673295802926442	 0.7967047216240224
 0.445568216151453	 0.8497984138704996	-0.28162318892235305
 0.944655563798388	-0.32121951378587327	 0.06666250631289539
-0.9187394833034509	-0.20301112645656996	 0.33868015051688927
 0.6345722441261191	-0.6484391127423473	 0.42052917146216884
 0.7711669585997865	-0.35912887335361826	 0.5256690729800604
-0.11454545881568211	-0.8877691085892822	 0.4458086447112666
-0.40461599944364246	-0.040297648153645234	-0.913598375954942
-0.3338764228123934	 0.30386086680485885	-0.8922976565667982
 0.13434603033161002	-0.9894778047768589	 0.0537105016556958
-0.3196885579343039	 0.8677140603571695	-0.3806199356107871
-0.8749431996200386	-0.4773066547280483	 0.08156442110975215
 0.3770049706328598	-0.5972017617229914	 0.707967024594417
 0.41567808605217704	 0.25253736509921315	 0.8737485954236182
-0.3739341546432956	 0.5803403961912862	-0.7234488734801823
 0.1169436856181004	-0.9904572944926703	 0.07292819880070267
 0.1448299854369073	-0.4236822381945071	 0.8941575008670666
-0.018707944870185164	 0.48367562124048785	 0.87504737369834
 0.9437965681676078	-0.15899028444293342	 0.2897759951545349
-0.8943920575148039	-0.39189710666505057	-0.21559106020890018
 0.37397217968918234	-0.13987445819461516	-0.9168314702077394
-0.41445607785325167	 0.6732584654577517	-0.6123309548111808
-0.8322815480071205	 0.4263348646141323	 0.3543247212110958
-0.5364997492808102	-0.26752868712683114	 0.8003726760614844
-0.22088313447962565	-0.713500817461316	-0.6649264804356112
 0.5205913759796685	 0.6713270801726197	 0.5275457996065371
-0.30199527920369623	 0.8113562107958463	 0.5004997008407575
 0.45579523466999183	 0.13194293830427703	 0.8802509671018606
 0.9309617681644892	 0.08305516183081676	-0.3555446896092034
 0.9184188969458857	-0.34301592842088685	-0.19709592228724415
-0.21181785263768826	-0.46903166712292804	-0.8574045092835969
 0.09456976620956917	 0.08891249711789978	 0.991539775891682
 0.1536197199025462	-0.8734796191098033	-0.4619895417180524
-0.043056346754000496	 0.8524063806201988	 0.5211041290204599
 0.24066162878605118	 0.5053691008460147	 0.828664016559266
 0.7644999343517851	-0.6269874230693004	-0.14975520588291502
 0.9197545886366064	-0.0014418259416272537	 0.3924912964893119
-0.2562832516678857	-0.05486782437867173	-0.9650432201525931
-0.20865368258159186	-0.7352754791034222	-0.644851619036793
-0.5789163890419582	-0.7735479847248444	 0.2578358583028204
 0.18008543207011732	-0.7693228100257695	-0.612953220996654
-0.6541644820899996	-0.6610246429679963	 0.3675802657392746
-0.7192942526346674	-0.367481966900144	-0.5895530358923926
 0.9088729846309597	-0.41639500087255665	 0.023771854289368788
-0.6687014667172819	-0.5466229702678819	 0.5040254723579694
-0.676237889164285	 0.6911936797252928	 0.25485998973248347
 0.7081428804580139	 0.3900858961916775	-0.5885292299019336
 0.022254387055424336	 0.6464161919371115	 0.7626603759592541
-0.8653907951260921	-0.09346847186495341	 0.4923031753688578
-0.1216456989739539	-0.9819882830796243	 0.144572942888598
 0.33925141898835703	-0.6314600566721889	 0.6972565320898343
-0.9055575077037199	-0.232078504222296	 0.3551128948931155
 0.12379670534795802	 0.9704348468693774	 0.2071969684300401
 0.281759275972637	 0.9402335477509829	 0.1912396038663946
-0.49410909086815313	 0.4502993720289765	 0.743697977590202
 0.459948947898918	-0.6169155834343885	-0.6386408444834129
-0.15931994929949533	 0.957351611034591	 0.2410291405715903
-0.8628089259488969	-0.45789156783834206	-0.21423367943779503
 0.8253832388538469	 0.03546741718030395	 0.5634576925889749
-0.43050917971450714	-0.8851242947261955	 0.17668284881956486
-0.7304067248744338	-0.6322452328256607	 0.25840275119942024
 0.4537651140120937	 0.8232709694274517	-0.341060305816399
-0.26295317461481926	-0.13637319549664995	 0.9551219710120906
 0.9662904163061752	-0.1373747631275208	 0.21774068478466835
-0.7981706775595934	 0.6003737798171003	-0.04974830642532102
 0.796698002064245	 0.5964061560750212	 0.09783654993231239
 0.5978848491899922	-0.23726712182655	 0.7656618183044035
 0.3018028247987866	-0.2149254029945566	 0.9288283620191087
 0.4859048537610208	-0.8737658910461809	 0.02072777691298322
-0.4500117011081696	 0.8359192717397733	 0.31421082094634856
-0.16828963122742624	 0.5313606118057773	 0.8302617058751578
-0.33332365769572964	-0.28984267089182136	 0.8971547053605835
-0.10930668400920536	 0.9866175604474965	 0.12098693420176576
-0.71222788383026	 0.4886665560131717	 0.5039210637876683
-0.753769441755971	 0.6091865773820555	-0.24642106771221628
 0.4232832262748416	-0.8960611235267223	-0.13381245554278354
 0.5166491134638448	-0.015202170407503287	-0.8560622568317822
 0.05398429290836104	 0.7694180206665148	 0.6364602152474317
-0.9428507644527137	-0.2691123815816862	 0.19649672274713992
 0.23331833799592616	-0.263091430982142	 0.9361332448420938
-0.6893877569172164	 0.6944884981520615	-0.20598603483523625
-0.35514270248580143	 0.7810486273519818	 0.5136503699820205
 0.4012038101737965	-0.3822201836005162	 0.8324321197253359
-0.6689667493285943	-0.06306184064370303	 0.7406123767176469
-0.05265090029268793	 0.9866724020127425	-0.15396575529894418
 0.66087620163521	 0.737965177983607	 0.13656515732733854
 0.05942005554498686	 0.9299951837087547	-0.3627371159359767
 0.19570612571123652	-0.9743140621542922	-0.11140565805873415
 0.08330290569378872	-0.0862033434176047	-0.9927888040699282
 0.3803629824369289	-0.92134829708605	-0.08025781611980243
-0.500718966656845	-0.5394813743249731	 0.6769345339000956
-0.7556989926118579	 0.4655292449333587	 0.46065339972391395
-0.5429770393611444	-0.26639635441464754	 0.7963723482650511
 0.27693611200877294	 0.5444643874541116	 0.7917480158861678
 0.06610126142914853	 0.3256140028970907	-0.9431893470320838
 0.7885847220700859	-0.5959988475663828	-0.15139190803074398
 0.37568930210923895	 0.6649284430322818	-0.645544509640767
-0.1109676695207346	-0.683825370611418	 0.7211581233192161
 0.19083440374332475	 0.5643569232080627	-0.8031708993577011
 0.5138173949246999	 0.45450981694267134	 0.7276073879335849
-0.1485272145119594	-0.9045508795968343	-0.39965907067138096
-0.1742494219349966	 0.68539592587352	 0.7070145428145731
 0.8634712745502364	 0.495075855847743	 0.09652592907201152
 0.8281176909513309	-0.10685897185916284	-0.550274704185681
 0.9218143033447544	 0.1581182687241184	-0.35391666143982636
-0.4351126583002312	 0.8712449052620133	-0.2271767805958429
 0.29109060784856283	 0.9245245069345763	-0.24600954066810687
-0.3256605378405039	-0.8775708343978857	-0.35187305197703367
 0.30443734124142063	 0.35074392496474976	 0.8856052192473669
 0.06771624264437957	 0.04139192172222277	-0.9968456346387182
-0.7876144621384165	 0.15176113334555316	-0.597186752562451
-0.9356494004296231	 0.09148154324072066	 0.34086848889561927
-0.30937336403120685	-0.8921833884184314	-0.3290849784755008
 0.13792451768162597	 0.5278044721817713	-0.8380926360297007
-0.09202380726793218	-0.6760470487875505	 0.7310896023891722
 0.8479759490307889	-0.41994491378457716	 0.3233930414399744
 0.13211443752628257	-0.05118552978523597	 0.9899120248475208
-0.23557236593940328	 0.2778111601413076	 0.9313037204406802
 0.2907467814912166	 0.9226186676799052	-0.2534582867081987
 0.10807481740497323	 0.49661826347629073	-0.8612143369827718
-0.32204245502066525	-0.11130739316554926	-0.9401592000246302
 0.7031791656737908	 0.1742489752724131	-0.6893303675153339
 0.5839458989984851	-0.5987543979403281	-0.5481791294731733
 0.8095895218034697	 0.04651772243316765	-0.5851503291340272
 0.42188915802305543	-0.8713670872957665	 0.25045745650766627
-0.45261585787365155	-0.8656283179568897	 0.2140712506443223
 0.522564544998468	-0.8525789891351435	-0.005946729844264587