-0.9410286897220325	-0.28711065860672214	-0.17897618510419008
-0.8628694322546924	 0.07100422619627172	 0.5004145708737242
-0.3770401607063229	 0.029908909900501494	 0.9257138728155228
-0.3572510281906769	 0.6674767064825807	 0.6533349440829498
 0.131033341604007	-0.59410683981817	-0.793641812324272
 0.684920797931791	-0.696476102032327	 0.214019952009934
-0.7582532260156801	-0.6509478339134612	-0.036317526900751004
 0.6773161319057668	-0.47260202150402375	-0.5638175119048008
 0.8931002990836325	-0.3021294333944629	 0.33330115699389185
 0.380922583193482	 0.658278519588737	-0.649282200788891
 0.104211302398491	 0.648654600290607	 0.753914593289083
-0.17285619969358101	 0.11582212109569903	 0.9781134752636762
 0.5957654511778551	-0.06523035269757531	-0.8005051706702442
 0.937555625370905	-0.105744134696718	-0.331372339389717
 0.569124385677387	 0.295932379188242	 0.767151523869518
 0.8600700156952632	 0.5054193165972171	-0.06950455029961722
 0.2840225316971009	-0.7101554119927527	 0.6442130798934257
-0.07760714870210299	 0.05906731190160058	-0.9952327281269687
 0.022630381499125597	 0.8734028418662538	 0.4864723441812039
 0.5403067273158929	-0.6206330978182559	 0.5682281217167139
-0.6018908808248492	-0.5985993352247132	 0.5285888794218232
 0.0908070015958448	-0.808204195163018	 0.581859147373375
-0.05478874099792669	 0.9783913716629757	-0.19937030299245498
 0.935118210513276	 0.0575933885008177	 0.349623989404964
-0.14439947360040803	 0.16777748000047402	-0.9751920371027523
-0.35029145859726585	 0.7998765086937577	 0.4873330122961968
 0.447627140913536	 0.837800234925334	 0.312603117509453
 0.08960744229949182	 0.8096774528954083	 0.5799939038967111
-0.4512959451930511	 0.23252394589641906	-0.8615477841867331
-0.793667518286751	-0.563781642490589	 0.228565373596185
-0.288176289389623	 0.876196444968449	 0.386308446786089
-0.23945578509399118	-0.5340978730865983	 0.8108023118796546
 0.5279964450122347	-0.8481852112196546	-0.04244527680098358
 0.07180587469707057	 0.9766243599601575	-0.2026049749917349
-0.504478944320032	 0.800914165431803	 0.322548437212808
 0.895241560462052	-0.201959819913999	-0.39718355902753
 0.376841938690393	 0.193208434895075	-0.905903225476906
-0.4594875957896621	 0.4380559007901451	-0.7726436287826173
 0.414964567711609	-0.433939788812139	-0.799687856122371
 0.0429318941016812	 0.902631789235347	-0.428267096016771
 0.323016820392556	 0.331797388892354	 0.886324221979575
-0.23143087139441004	-0.7085319476828861	 0.6666500062838971
 0.4055851946902669	-0.7006284176831858	-0.5870438400859119
-0.841582439007464	-0.194966623301729	-0.503713226104467
 0.885461591854919	-0.32132857598364	-0.335716719282908
 0.14526445840426103	-0.5584963983163801	 0.8166884413239532
 0.7078283986895822	 0.6843755780899272	 0.17495435439742504
-0.6554861173838369	 0.4648311505885389	 0.5952058058853239
-0.945510516731235	-0.0838523872027701	 0.314608709210393
-0.07762173470093929	 0.5519073203066789	 0.8302849969100478
 0.0261396038005171	-0.901998501417845	-0.430947125008526
 0.07858776839827822	-0.4592322134899391	 0.8848331688806143
-0.1723795627969661	-0.6362031577888033	 0.7520178377867653
 0.7551379772062073	 0.6530777470053684	 0.05706217440046912
 0.4548600660254431	-0.6054037244338631	-0.6531375435365331
 0.9166534759992793	 0.36489796449971307	 0.16308243449987203
 0.152292110405241	-0.730760363625147	 0.665429488422899
 0.05070150859875131	 0.07068357309825922	-0.9962094104754652
 0.6701569975237961	 0.5411576077192151	-0.5079744504180371
 0.28493075439727206	 0.9524740647908813	-0.10773867039896903
 0.5283445174061059	-0.39000073820450687	-0.7541561477087148
 0.19500802830295808	-0.9764536674148104	-0.09225022650139925
 0.5027934811934031	 0.6579483988913681	 0.5606269879926441
-0.572880929065079	 0.230515163685949	-0.786555910552055
 0.35140226178846085	-0.7605762993750237	 0.5459305296820728
 0.32523712601813476	 0.11252976390627493	 0.9389131291523524
-0.6046633127310622	-0.7956060654408713	 0.037326490201917514
-0.6090614768086801	-0.29648591360422505	-0.7356223355104831
 0.9930383204369586	-0.012605984200469194	 0.11711525650435894
-0.816706018345173	-0.0809585563044779	-0.571346647631601
-0.6945659174990461	 0.34659349529952405	 0.6304372571991341
-0.228956994488735	-0.883472369756533	-0.408723949079891
 0.903206849923389	-0.0404212197010467	 0.427297918611065
-0.8850769154240166	 0.2756054946074789	-0.3750739462101778
 0.9459911114711286	 0.12717061869611895	-0.2982087368908989
-0.17309566210824412	-0.9742947715464046	 0.14417902030686708
-0.4851627945965479	-0.6398446972954469	 0.5959998540957588
 0.4143106248997839	 0.9015947042995288	-0.12439330879993497
-0.41618256221461514	-0.7659862099268983	-0.4899563257172051
-0.6576837940062144	 0.02081293130019671	 0.7530065398071153
-0.8556566311116093	 0.03466221540047031	-0.5163818940070062
-0.07352845209479389	 0.7753921386450988	-0.6271846602555929
 0.12977847290124397	 0.6901531530066138	-0.7119312982068219
 0.45921809319054335	 0.8559756451823726	-0.23753828689510817
 0.5551520209998603	 0.8286664431997913	 0.07154131319998203
-0.6370166912052392	-0.40081517980329706	-0.6584503981054152
 0.946696661658369	-0.0767517537966249	 0.312849163486243
 0.9970771507514978	 0.07513868959634488	 0.013832309099327096
 0.017680756700193406	-0.5603880487061312	 0.8280414396090593
 0.535104275399266	 0.832866345398858	-0.141410979599806
-0.6947684727771241	 0.6968543827770551	 0.17801892719413903
-0.04353006010095659	 0.6053391168133029	-0.7947765016174658
 0.09278015569960536	-0.8390250110964317	-0.5361239347977198
 0.13929441470616802	-0.9898741013438302	 0.027319032201209608
 0.7928725057505303	-0.5049174506684971	 0.34119137977871206
-0.5192926832993321	 0.8286836420989342	 0.20885049769973105
 0.5928234554950882	 0.6391684390947043	-0.4899225010959412
 0.449711918791915	-0.313382529994366	-0.836391403584963
-0.078177800197399	-0.505179847283193	-0.859465853571406
 0.7480029133081714	 0.5364423667058602	 0.3907956357042692
-0.06599249480027909	 0.9855515662041677	 0.15599070800065998
 0.529869401015249	-0.763262250421965	-0.369687915610639
-0.85741440017176	-0.0676477043977719	 0.510161086783197
 0.15220340270118304	-0.8886055480069075	-0.43268268310336316
-0.5441409710088919	 0.5221352536085329	 0.6567232146107319
 0.588925053836357	-0.67724229024181	-0.441033061427227
-0.2254474271879861	-0.9394092197499414	 0.2582320185862401
 0.08327150349965261	 0.6044761048974782	-0.7922591086966942
 0.5714720281840239	-0.5463255688847269	-0.6123300529828809
-0.11463105799872295	-0.9929957735889365	 0.028620170799681086
 0.823780996036309	-0.526154308323191	 0.211060452009303
 0.5473285239049108	 0.4888218742043858	 0.6793266241060947
-0.0926530506947737	-0.775204993456273	-0.624878092364752
-0.474445493921205	 0.879326751139301	-0.0410601757018352
-0.257206713491505	 0.91927364066964	-0.297960870090159
-0.6408510097029103	-0.11759925380053406	 0.7586042439034454
-0.8009709587909036	-0.5830473155933787	-0.13601967119845496
 0.58646350267484	-0.760449250767376	 0.278886172188035
 0.6977583887267497	-0.08900538220341206	-0.7107821557272487
-0.7889603964236248	-0.12939158050387498	 0.6006657238179869
 0.029798212099365493	-0.8738938309813927	 0.4852026779896689
 0.39950975010069706	-0.5177592949009031	 0.7565165379013191
-0.43235870411529526	-0.40014667851415625	 0.8080523415285865
 0.628514214600412	-0.180266226800118	-0.756620095900496
 0.895887145148427	 0.44178161242388	 0.0470662308025441
-0.43515832809502	-0.675036493792275	-0.595787681593182
 0.38017331739465393	-0.23633658819667694	-0.8942109738874258
-0.10280696600333702	-0.9590212850311323	 0.26402443560857103
-0.7169962420990049	-0.5171922202992819	-0.4673634517993509
 0.426496357706457	 0.510723344407732	 0.746500182411302
-0.6473708275967747	-0.7049566928964877	 0.2897362122985569
-0.237027773695856	 0.230329776995973	 0.943804020083498
 0.6685365144970972	 0.25204365829890607	-0.6996662940969622
-0.759518591738092	-0.261868489213133	 0.595446389829863
-0.4746695831066868	 0.4651245314065528	 0.7472268445105267
-0.898666060093819	-0.143763693099011	 0.41440476949715
-0.9680342150383684	-0.15252868550604606	 0.1991099159078921
 0.20026115670455294	 0.9578671263217787	-0.20587869590468094
 0.3854698263016568	 0.8023050955034486	-0.45576259910195877
 0.772438274799535	 0.246174053399852	 0.585437825099647
-0.787263371240418	-0.306518473115737	-0.535035335227468
-0.4989837507841798	-0.8459262710731806	-0.18821254039403293
-0.5896599259015232	 0.35635967610092106	-0.7247820038018721
 0.28364869518703806	-0.8371229881617462	 0.4677269720786261
 0.18053818639381	-0.152558472194769	-0.971664487266686
-0.3957091299941822	 0.13301507849804406	-0.9086920673866404
-0.9403302968611538	 0.19207547839206496	 0.2808664155883969
-0.8828681635336344	 0.42816229211631174	 0.19292707800734987
 0.345806849010586	-0.786089788924064	-0.512328475615684
 0.41142268520556513	 0.7293558567098651	-0.5465998613073931
-0.873662010333909	 0.480275938818641	-0.0777799093030188
-0.24492734119339493	 0.6773687565817339	-0.6936729525812939
 0.9613221291112918	-0.23890059060280594	 0.13706302160160996
-0.804894415618929	 0.58043019701365	-0.123473746602904
-0.15772690479836407	-0.8402246954912873	-0.5187915617946203
 0.9335218815575888	-0.3514099664840349	-0.07104880089677208
-0.1805875960043531	 0.9645306784232525	-0.19253231040464108
 0.6623666780071689	 0.032451727300351195	-0.7484766324081009
 0.7093718538078141	 0.3435848500037851	-0.6154193886067791
-0.242005669606974	-0.597058545017205	-0.764823083922039
-0.7511680938001671	 0.6589345862001472	-0.03939169920000882
 0.271910817320176	-0.547948059840659	 0.7910862349587
 0.39364437060697005	-0.9190157835162722	 0.021309602000377306
-0.553364957910496	-0.60258781451143	-0.575043606310907
-0.6360307141636703	 0.12728855849272905	-0.7610929992565263
-0.8959223320699994	-0.33999624538861517	 0.28587712049042713
 0.744998719578344	-0.606136439082381	 0.278523832091904
-0.386169144790549	 0.354197429891332	-0.851714489879156
-0.36300478329256	-0.841553296882751	-0.400019469291801
 0.6762383571757492	 0.6221702051776881	-0.39446916238585406
 0.276148778397125	 0.716514784492539	 0.64058443299333
 0.819697317512721	-0.414481363106433	-0.395349854306136
-0.2895263857985069	 0.5792715319970129	-0.7619835720960708
-0.5575029281802492	-0.4948193154824701	-0.6665915766763841
 0.5896192380018679	 0.7161629755022679	-0.37344309700118294
-0.928417041046807	-0.214557868810817	 0.303326093215292
 0.7921678783047942	-0.09639478860058343	 0.6026425950036471
-0.9656189843975302	-0.25554984609934606	-0.04768913009987801
 0.430579897513154	-0.898052167727435	-0.09001808650275
 0.125313954298304	 0.453941392393858	 0.882175506988064
-0.5304378481654284	-0.16634509298915812	 0.8312430446458235
-0.4874853888948633	-0.8728462462908025	 0.022303047999765013
-0.847576313527447	 0.488846738115831	-0.206502444006687
-0.7350105142138439	 0.08419255670158579	 0.6728084106126729
-0.7044410833666996	-0.7069753482665797	 0.06283802199702947
-0.749113931513076	 0.403852088707049	 0.525101712109165
 0.377831243810692	 0.425272752312035	 0.822427283923273
-0.553721726086224	-0.361720294491001	 0.750033784981341
-0.5105829858221967	 0.8562797688372247	 0.07803827310339247
 0.874503829319201	 0.37573783460825	-0.306698764506734
 0.551985726804792	 0.785351280606819	 0.280241188002433
 7.38428000032241E-4	-6.09127700026596E-4	 0.999999541843662
-0.8914962611259573	 0.26619585130775103	 0.36657084601067313
-0.124552916897531	-0.00261396329994818	 0.992209523280332
-0.9713797389911478	-0.060936744799444685	-0.22958248149790794
-0.194624368100568	-0.180851782000528	-0.964061195302813
 0.21386018809341795	-0.6439061931801809	 0.7346078098773899
 0.04706811090013489	-0.5013044460014369	-0.8639898410024768
-0.9855041661982764	 0.06178112479989193	-0.15800199689972408
-0.9574681060343683	 0.05413004830194301	-0.28341623771017305
-0.696679370489788	-0.613970932591	-0.371049253694561
 0.6509600660889835	-0.6770226949885424	 0.3433529711941892
-0.76020182732921	 0.24827741390954	-0.600376138323069
 0.25785370950300396	 0.9375858944109238	 0.23333271330271896
-0.8338031477298902	-0.5520279242197891	-0.006122231400219472
-0.522359840201408	-0.695533085701874	-0.493329427501329
 0.7115556549916457	-0.22206854569739296	-0.6666139143921728
 0.9747310844086288	-0.11232187520099397	 0.19308834620170895
-0.6900769549254159	 0.021984462600809697	-0.7234020180266428
 0.9573334904389907	 0.21519819990876493	-0.19287903680785595
 0.26457932740529894	 0.22864707350457994	 0.9368662099187648
 0.24351888810912206	 0.19780290540740902	-0.9495117491355672
-0.10095648070012797	 0.9916549740012538	-0.08017606590010139
-0.0365710339998922	 0.806220628497623	 0.590483579498259
 0.718565040702221	 0.359769914701112	 0.59517215220184
-0.05905563619803801	 0.34885277808841003	 0.9353150116689263
-0.941057133203155	-0.333892845101119	 0.0541021260001814
 0.9876137290757605	-0.14233577759650695	 0.06602763479837938
 0.8390393273853614	-0.5390219411905962	 0.07394831989870992
-0.973473289066586	-0.214149654892649	 0.0805585549972349
 0.4938174344066351	 0.38324667770514903	-0.7805551393104871
-0.2499259631926129	-0.0020365234999398093	 0.9682628080713825
-0.4498598873843819	 0.8160408785716687	-0.3629095840874009
-0.820417250377751	 0.498956399886469	 0.279209681592428
 0.8182767399173566	 0.48900825671037235	-0.3021491383064092
-0.243129289295259	-0.948915082181498	-0.201117665796079
-0.3653964034946989	 0.6514111328905497	-0.6649428578903528
 0.16570595790839607	 0.8902026403451062	-0.42435927542150204
 0.4943606689029409	-0.008190279100048718	 0.8692182973051708
 0.34052029998565897	-0.8685096452634238	 0.36019011838483095
 0.23685173958795283	 0.4035988387794717	-0.8837472663550494
-0.8511841348331994	-0.45627987831779665	 0.25941133601011784
-0.650739861984338	 0.621237336685048	 0.436579664589492
 0.18614059310229694	 0.9736977117120178	 0.13139423810162199
-0.439738563087883	 0.702685331180637	-0.559341864584587
-0.925708925438761	 0.282415621611825	-0.251603660610535
-0.22628271499579788	 0.9712807006819616	-0.07355224929863398
 0.05181066970081898	 0.5562183596087928	 0.8294195506131118
 0.9165942278602416	 0.39307705728294984	-0.07311257409682867
 0.613426772795738	-0.776068020394608	 0.146376303198983
 0.626809676909724	 0.181991768702823	 0.757620370011753
-0.4855530397972841	-0.28557138859840303	 0.8262488895953792
-0.20471058018911492	-0.11842583669370295	 0.9716320803483346
 0.33691852639998476	 0.7773701490999655	 0.5312076409999766
 0.00846686509975575	-0.284467162991794	-0.958648395072345
-0.974163206197172	-0.171134768199503	-0.147373467099572
 0.019371042900394805	-0.35036783120714116	 0.9364118461190865
 0.2911046717047359	 0.49699055170808487	-0.8174707711132988
 0.4986897131970993	 0.6456898854962444	-0.5782673617966363
-0.9629309974843175	 0.17316494049717993	-0.2068279416966319
 0.560338275777871	 0.0650413334974314	-0.825706147267391
-0.8528107388775178	-0.30593923169193493	-0.4232198366888429
 0.6004604370898431	-0.6536419013889431	 0.4606512001922081
-0.04406670800218329	-0.6503492410322219	 0.7583561102375738
-0.268939277700585	 0.377267517900821	-0.886194608901928
 0.419612207597217	-0.123748137999179	-0.899228554694037
 0.3448160014949208	-0.6190147610908818	 0.7056363444896057
-0.9924316616390207	-0.08378291970329418	 0.08977649660352989
 0.4341643884258269	 0.8964880162533287	 0.08837714940525719
 0.126100705303632	 0.00193943730005587	 0.992015549628576
-0.7850367658031275	-0.6120489334024384	 0.09546402180038037
-0.7289520869093555	-0.05487951210070426	 0.6823614102087575
-0.568971795910106	-0.191574380603403	-0.799731425014205
-0.6019406455014028	-0.2426920349005659	 0.7607680563017727
 0.22872882389867	 0.638543228196287	 0.734809955595728
-0.20551605409946	 0.0457614929998799	-0.977583263597434
 0.43887073188896086	 0.08354876859789838	-0.8946575232774958
 0.17885105909517704	 0.08253491409777451	-0.9804082244735642
-0.21105345099161	 0.536221131378684	 0.817265770167512
 0.560167498416336	 0.274501995508005	-0.781575990022792
 0.304142806293135	 0.535256233687919	 0.788034210982214
-0.7817346806802847	 0.28015840939293396	 0.5571374647859489
-0.9502751318295836	 0.05624718350175107	 0.3062897781095349
-0.542496357975372	-0.756724450765647	 0.36478186248344
 0.6173216319236651	 0.3830442255146841	 0.6871616433263421
 0.2981089490984762	-0.11077395389943404	 0.9480823727951534
-0.13750257650064998	-0.06271590120029628	-0.9885139135046698
-0.332661492604938	-0.0971329702014417	 0.938030659113923
-0.4967769381874801	-0.47413787808805014	 0.7269153638816791
-0.9143460277894915	 0.044009482799494175	-0.4025351001953737
-0.36580583689752716	-0.9304569913937094	 0.02087766409985881
-0.550786146404146	 0.223751731001684	 0.804095631006052
-0.7213724327718332	-0.6113145838761311	 0.32544783418729306
 0.7039516103016511	-0.7057295412016551	 0.07998715540018761
 0.7504406623141167	 0.5196147467097748	-0.4084597010076838
 0.142843584104863	-0.34777495781184	 0.926632769331546
 0.37798122278790514	-0.5441679544825871	-0.7490069642760321
-0.831020553697401	-0.503512080198425	-0.236390406799261
-0.372735395392782	-0.906540746582444	-0.198121679296163
-0.141176434802785	 0.839693893616567	-0.524388576610346
-0.4779144065029789	 0.7552292777047078	 0.4485828331027959
 0.0690873494959224	 0.349443379179376	 0.934406904344851
-0.18757187429654593	 0.34363084669367183	 0.9201818478830536
 0.891517132772411	-0.0703319913978235	-0.447493701586152
-0.030522951598363508	-0.23650092028732006	 0.9711517204479302
-0.926507898998435	 0.374783942299367	-0.0334680397999435
-0.4470767442105189	-0.4889887154115059	-0.7490076241176239
 0.674665144698002	 0.0646168723998086	 0.735290148397822
-0.5616266918184659	-0.7881270226259138	 0.25185562380828097
-0.29598501059885907	-0.9452383938963562	 0.13754000219947002
 0.4390844863945218	 0.2904373456963769	-0.8502064231893937
 0.8313762475927318	-0.03266846689971439	-0.5547488676951499
-0.9113369229865098	-0.005757211999914779	 0.41162102389390687
 0.7058356921080998	-0.5819878663066789	 0.40383919970463394
-0.37045538182440396	-0.5086109486335049	 0.7772243646511998
-0.792201969413548	 0.454448654307772	 0.407298981406965
-0.7199859825892074	 0.6730226625899114	-0.16929465589746212
-0.0227523024997117	 0.647445271191796	 0.761772245190348
-0.8630963757274667	 0.3868551360123108	 0.3246655971103318
-0.532590588573694	-0.394922610580494	-0.748587601163026
 0.61315828337808	 0.771125692672432	 0.17147036369387
-0.4498073754084051	-0.18816253220351606	-0.8730797137163152
-0.1621446738957059	-0.9129019906758215	 0.3745918580900788
-0.5555992596001869	-0.7809796379002628	-0.28527226980009596
 0.8329711409260505	 0.5510055827172323	 0.05051659330157993
-0.26564921330689995	 0.8206109058213139	-0.5059923287131419
 0.38944930529346894	 0.21966446469631595	 0.8944701009849998
-0.00335920110012791	 0.45590833631736	 0.89002039563389
 0.3929424354837901	 0.6922597232714431	 0.6052873019750311
 0.8444474478704354	-0.003271848599885451	 0.5356284185812472
 0.8644957789076156	-0.4210115237037088	 0.2745839492024189
 0.2553757693929651	-0.5761308568841301	-0.7764383118786121
 0.9207610391530848	 0.27881729758579293	 0.2728736398860959
-0.5457620032161847	 0.6686928501198297	 0.5049690169149748
-0.6298409582960429	-0.6129261633961489	-0.4770973542970029
 0.263734892487731	-0.340631965084153	 0.902448763558017
 0.9413658504907162	-0.20898449449793904	 0.26486943309738803
-0.6052264923088622	 0.5719191488083741	 0.5537231982081081
-0.8066627719818268	 0.4907516306889439	-0.32932963619258093
 0.729081255393216	 0.155655516198552	 0.666492222993798
-0.3334717470050761	 0.031212390300475106	-0.9422432704143412
-0.9309016694341642	 0.3503864496128591	 0.10320570610378801
-0.4519095040974231	-0.7754135542955782	 0.4410347150974851
 0.5383443341852843	-0.7427860568796963	 0.3980631250891192
 0.4680553374900781	 0.5883040978875291	 0.6594107137860211
-0.16337848340216096	 0.7886065105104307	 0.5927961224078409
-0.779721810393834	 0.0305413781997585	-0.625380782095054
 0.25709793940607906	-0.25944946530613505	-0.9309063457220113
 0.5151916675037438	-0.16667175460121092	-0.8407128356061097
 0.8099212964064377	 0.5572840661044299	-0.18292611430145397
 0.8154359127224545	 0.12613433780347308	 0.5649375196155564
-0.5537265798915652	-0.5400113727917741	 0.6338569175903451
-0.665853598304702	-0.743703335205252	-0.0595343164004204
-0.783604254108779	-0.508280867505695	 0.357232323104002
-0.30405526779885	-0.902520101596587	-0.304971900898847
-0.6673512463104658	 0.24749772580388094	-0.7024152545110158
-0.044981977398406404	 0.9223701266673232	 0.3836795161864071
-0.16373795000265198	-0.3995374171064719	-0.9019754631146117
-0.9033960000266688	-0.3986644383117689	 0.15793141790466197
 0.8295940065490225	-0.39167511112314474	 0.3979502376235157
 0.7380663167188646	 0.6132483818156746	 0.28139746680719285
-0.664011024186044	-0.31499337389338	 0.678136073485747
-0.36375356099760514	-0.5916410727961042	-0.7194749389952624
 0.5202275883688929	-0.4687778896719689	 0.7138701187573138
-0.567498720168523	-0.0428233960976248	 0.822259909854393
 0.9570960286619847	 0.24385201479031393	 0.15653557679378197
-0.152638890797649	 0.633230698090249	 0.758762315888315
 0.7560880284125072	 0.004572602700075641	-0.6544539591108262
 0.176486174297974	 0.764531533091223	-0.619954970292883
 0.08246816710042432	-0.6891233326035451	-0.7199361318037041
-0.30836371679525804	-0.9469319459854372	-0.09072875969860471
 0.20842563369357311	-0.6734879567792312	-0.7092057016781302
-0.4496600553958819	-0.08478179479922357	 0.8891669594918578
-0.9992403322478726	 0.032599449201561784	-0.02135496010102309
-0.2145043673920081	-0.7654679574714783	-0.6066685111773953
-0.619290426773005	 0.67057558567077	-0.408421046482197
 0.209243958798605	-0.922782894293849	-0.323556325397843
-0.2863982989970009	-0.21775079959771998	 0.9330383719902298
-0.4432244817862619	 0.28305764599122596	 0.8505471343736368
-0.851096684716692	-0.509235945009988	 0.127723081602505
-0.642924470300716	-0.510389760000569	-0.571095804900636
 0.5827414279942789	 0.5671979249944319	 0.5819784720942859
-0.17133345509235998	-0.9352581473582948	-0.30973705778618793
 0.6110464994869002	-0.7825682747832232	-0.11920180689744503
 0.21899105120882412	-0.2292344754092371	 0.9484168254382175
-0.7234401011835767	 0.22032937599499788	 0.6542854010851467
-0.16786996389393397	 0.9062517841672548	 0.3879785804859809
-0.9870366673008905	 0.15100752980013604	 0.05436306970004902
 0.17899281810083392	 0.5506272427025648	 0.8153350297037977
-0.08275242990291679	 0.28803896271015295	-0.9540364727336278
 0.812599260636374	 0.409012630218308	-0.415200084218585
-0.4042968445134982	 0.8319630241277763	 0.3799757729126862
-0.121751117397559	 0.691863036486128	-0.711689682485731
-0.34010760388280514	 0.47054502867621123	-0.8141954272588373
 0.533698763811562	-0.12141024250263	 0.836914083118132
-0.4194250467138128	 0.5707134045187948	 0.7059524347232486
-0.13218825410261004	 0.9415243845185932	-0.30993241010612005
 0.767359131730561	-0.387763398715443	-0.510685333220338
-0.434032084805218	-0.896531592510779	-0.088584722101065
 0.6395390135939291	 0.7517190235928642	-0.16096073949847203
 0.012611347699799805	-0.9994828857841355	 0.029578960999530515
-0.826451171443142	 0.562932721261272	 0.00923106459936492
-0.21719665569101507	-0.8509874196647952	 0.4781694514802181
-0.682760621829066	 0.660808285328132	 0.311721579813271
 0.992407039547318	-0.0125191750005969	-0.122358236805834
-0.03254623420106648	-0.8460913197277257	-0.5320434393174348
 0.6090187141251092	 0.3651402520150541	-0.7041085159290302
-0.533409500003741	-0.835273981105859	 0.133385463200936
 0.909478649605807	 0.187298948301196	 0.37117070180237
 0.278196917599206	-0.860593662797545	-0.426597025998783
 0.021409862699239713	-0.9638900486657697	 0.26543848979057316
-0.10652015389930004	-0.3469688859977192	 0.9318079463938754
 0.24137199088896405	-0.026772105198775906	-0.9700633053556472
-0.7435855141351542	 0.5624536750265913	 0.3615611243170931
 0.15514290450333604	 0.7313146645157251	 0.6641607792142811
-0.627970518570563	 0.287505932886523	 0.7231828028661
-0.5928760746219052	 0.4102644610151582	 0.6929509594256024
-0.9605798454004972	 0.23538056670012206	 0.14792683810007703
-0.6861183321097833	 0.7261231610103533	 0.044573415700635624
 0.7603099997953536	 0.22469741729862688	-0.6094585915962758
-0.317941913896608	 0.322299809596561	 0.891647784790487
 0.958778210130849	 0.273916776308813	-0.0755906306024322
-0.6340434592808162	-0.08648382759738343	-0.7684461199767502
 0.9865055121282023	-0.14507165480414702	-0.07590184130216991
 0.8490153433014906	 0.2198020883003859	 0.48047891610084376
-0.6750433817615157	 0.6777577814613607	-0.2914803979833829
 0.7488796361886709	 0.5947888008910018	-0.29224231869557893
 0.7694647926070668	 0.034520351100316995	 0.6377556572058569
-0.32811566589934493	 0.8591913702982857	-0.3925943185992169
-0.814130714258734	 0.143497692292727	-0.56267183367148
 0.6645918135205231	 0.7447793060229991	 0.06017895580185841
 0.7378936125976837	-0.6207022711980518	-0.26503152079916786
 0.6496111671015641	-0.2775324804006681	 0.7078001511017051
 0.15502818059557	-0.761302633078248	-0.629590790982011
 0.13219231350301294	 0.9582786666218386	 0.2534308374057749
-0.0363946552010816	-0.809235796724049	 0.586355569917425
-0.388541762577732	 0.786865502154904	-0.479455921072522
 0.5042598060680202	 0.7284487643538013	-0.4637719759705872
 0.4606925306045578	-0.8376935882082877	-0.29331185540290183
 0.333707493801832	-0.645494130203544	-0.687005557803771
-0.9349969697169458	-0.07055141530127869	-0.3475674962062989
 0.9224009710184107	 0.3349533132066852	-0.19230893540383814
 0.382471125684334	-0.329391183986508	 0.86325968626464
 0.781580074969227	-0.357154601685938	 0.511442251779863
 0.609457673040783	-0.0273044758018271	 0.792348288553021
-0.06761541659739462	-0.17357811069331103	-0.9824962060621413
-0.147539314599207	 0.393288702797887	-0.907499943195123
 0.4721003605036458	-0.5768028155044548	 0.6666481543051488
 0.6188368062053388	 0.15908838460137292	-0.7692411151066366
-0.175662518204626	-0.445300931811726	 0.877980500823121
-0.395696254402573	-0.0796687605005181	-0.91491932040595
-0.9912201082845592	-0.13087403939796102	-0.018833022699706603
-0.7538826646324333	-0.6044027474260021	-0.25760094501108205
 0.1754959118987929	 0.3026483284979189	-0.9368058358935576
 0.08718170879474682	-0.3913457648764191	-0.9161047112448002
-0.894521347394003	-0.446359763997008	 0.0243827836998365
 0.851730461031811	-0.266960875909971	 0.450873721216839
-0.11293839350262205	-0.9728137961225855	-0.20218367230469408
-0.9773384232971516	-0.02274144909993369	 0.21045767469938692
 0.9542999959827938	 0.15266726959724697	 0.25691286939536795
 0.4491956647801139	 0.31626300418599895	 0.8355842069630077
-0.6604744927039614	-0.6983159511041884	-0.27591353160165516
 0.936197541678343	-0.224018884694818	-0.270831501593735
 0.00339953660018743	 0.69595862303837	-0.71807383893959
 0.4061034756975921	-0.8190421297951442	-0.4052776290975971
 0.577486746885818	 0.553530691786407	-0.600094017985263
 0.6444529864069763	-0.14430345120156204	 0.7509040300081283
 0.9168283976346888	 0.2553524960096609	-0.30695405531161396
 0.8738313139171198	 0.3979253814077959	 0.27941765450547396
 0.8149190771020047	 0.4274620281010519	 0.3913861422009629
 0.0891520680028887	-0.921912842329872	 0.376999495912216
 0.3387606097216938	 0.5822945864372898	-0.7390360369473277
 0.03188279339932501	 0.5089207132892261	-0.8602227589817892
 0.057531038701309	-0.164459942903742	-0.984704578422405
-0.5005420790865518	 0.32946203239114785	-0.8005700445784907
-0.663753473187328	-0.495425253590542	 0.560343773889303
-0.5045518946762139	 0.8277312925609788	-0.24553674448842494
 0.6253243197961164	-0.7802433743951543	 0.013775767999914408
 0.86188703521755	 0.290696141305919	-0.415507511308461
 0.2810075494906189	-0.7370531717753958	-0.6146441076794817
-0.18904706160847695	 0.9686504144434368	 0.16117562810722696
-0.28628011529687003	-0.8859506315903122	 0.36487692989601006
-0.24720141900818404	 0.9284129993307362	 0.27738197690918304
 0.9860149776211375	 0.14625819520313493	-0.07989370590171266
 0.6444321669149288	 0.7073881950163878	 0.29036033440672687
-0.30576377511155095	 0.9347071434353098	-0.18119345970684497
 0.9788974444414478	 0.08885876760376238	-0.18402150060779193
 0.17155622389657207	-0.4900817648902082	-0.8546275947829254
 0.972106384828142	-0.121884130203528	-0.200383221305801
 0.8008872398535076	 0.3391199687803138	 0.49353548587134977
-0.26895238410843103	 0.9620617120301582	 0.04584623570143721
-0.9449285306512205	-0.1830913591099249	-0.2712703931147039
 0.6803254967631374	-0.7068981312616973	-0.19352583928951408
 0.784229231127352	-0.523689990718265	-0.332766144111606
 0.7493120700331287	-0.4747831607209908	 0.46164095572040975
-0.3505072484965721	 0.9343385272908632	-0.06446848199936961
-0.13382047459658103	 0.45073158278848513	 0.8825718785774522
-0.5063941762896859	 0.7386941833849548	-0.4448548545909389
-0.8319427876846575	 0.5355497448901236	 0.14511260719732388
 0.271782716697389	 0.851595915691819	 0.448239390595694
-0.584312932811598	 0.7154237337142	 0.383076073107604
-0.5825587621980572	 0.02056123639993141	-0.8125284758972904
 0.36597791001650215	-0.015631996000704907	-0.9304922407419565
 0.4953116885125501	-0.5014779894127062	-0.7093561569179733
-0.555855287110013	-0.827736090914911	-0.0766672263013811
 0.219956238501329	-0.791679860804784	 0.569966886003445
 0.07433166990255322	 0.12005713940412403	 0.9899803463340052
-0.9006623091987696	-0.19152636079973814	-0.39003212419946726
 0.678229861692349	 0.271931491196932	 0.682684054892298
-0.590548876493303	 0.806992221690848	-0.00394697389995524
 0.893552616463666	-0.448955887281744	 0.00152737879993789
 0.23659838480215906	 0.9715456022088642	 0.010970284300100101
-0.40760730170279386	-0.7307863469050097	 0.5475468955037538
 0.9835662146106806	 0.11638033330126395	 0.13803303770149894
 0.9717213799936902	 0.022579470699853405	 0.23504835069847405
-0.5533083739006631	 0.6506375650007802	-0.5201159509006231
 0.07201315770087797	-0.9933376666121105	-0.08996880130109686
 0.497228145784474	 0.84768244337353	 0.184928759894225
-0.7231940294740573	-0.6626734067762283	 0.19456194819302108
 0.653374579307647	-0.55279921500647	 0.517218219906053
 0.02560363849948629	 0.9960328878800145	-0.08522288399828996
 0.7171713658875211	 0.12870496679776003	-0.6849089453880821
-0.6944491050085632	 0.34844684360429606	-0.6295436742077621
-0.7667699452171622	 0.6349099720142111	 0.09462123730211792
 0.08374270230298245	-0.9426510073335714	-0.3231040671115072
-0.88617632989399	 0.459804184096881	 0.0571981172996121
-0.11073032759633	-0.552150851281699	 0.82635841617261
-0.05339319039724688	-0.9947076182487096	-0.08778337779547356
-0.32761536900562116	-0.49842617030855124	-0.8026453281137703
 0.5410821900118619	 0.4703159042103109	-0.6971606801152839
-0.120942608794797	 0.95390922795896	 0.274645353488184
 0.7273760631278758	-0.18781417940719794	 0.6600377995252948
-0.48485338961826935	 0.03360678500126632	 0.8739495263329305
-0.049782536501315096	 0.11827787680312397	 0.9917318402261978
-0.462730690317785	 0.151281082605814	 0.873495473533572
-0.26573778919043617	-0.07290922809737604	-0.9612843865654037
 0.0143922455000244	-0.978373549001662	-0.20634452230035
 0.19926483969809103	 0.11957287579885503	 0.9726231803906822
-0.638855634993971	-0.752845263992895	 0.158390296798505
-0.4621357790709249	-0.8524990091463648	 0.24428663718463095
 0.8371232510123136	 0.19724171520290115	-0.5102160017075054
 0.9656432226848498	-0.008574545499865468	-0.25972994369592495
-0.04875590349872928	-0.9878344818742538	 0.14766820339615097
 0.25234629840738204	 0.44385812401298513	 0.8598321414251542
 0.7121315610697749	-0.055487429197644884	 0.6998498302702959
-0.3043235303076381	-0.42813372111074616	 0.8509340196213583
 0.7811366748649223	-0.2612984582882661	-0.5670525644745362
 0.2890039537946781	 0.8617669475841322	-0.4169345784923231
-0.8932452167687468	-0.3978889440860779	-0.20927821409267794
-0.7680663608134662	 0.36701834870643507	-0.5247586084092001
 0.1981997553104071	-0.9695453539509095	 0.14387030140755405
 0.32580416588841893	 0.8856135937685208	 0.3309685906882359
 0.9443471197377694	 0.3260168752130392	 0.04383508320175322
-0.9086004961973052	 0.13324035599960501	 0.3958435875988261
 0.005536460299782492	 0.9635551930621454	 0.2674523088894931
 0.633135108175795	-0.314079288887993	-0.707456101172954
 0.7209849128517241	-0.31970863982293607	 0.6147903228441061
 0.813229332778689	 0.509408056086651	 0.281356508192627
-0.424981354609426	 0.889346597019725	 0.168681589403741
 0.31508499198587103	-0.9445945768576423	-0.09199202789587492
-0.40778296070465386	 0.5503813827062809	-0.7285556880083149
-0.11837164230644803	-0.6037255139328881	-0.7883550330429462
-0.34553634580962594	-0.9046969752252028	 0.24925492320694395
-0.6977366699730293	-0.5603599230783393	 0.4462737903827492
-0.04749487289904108	-0.4571313745907708	 0.8881301387820686
 0.432955138290005	-0.89188337237941	 0.130743635796982
 0.30740743439785506	 0.09163708749936061	-0.9471553797933913
-0.8303081925756567	 0.2632602165922819	-0.4912050118855988
 0.978289655572704	 0.203800672294314	 0.0376116440989506
-0.285771596004295	-0.76981715321157	 0.570715468108577
-0.016428272999150798	 0.18026747799068196	-0.9834804259491617
 0.702396831027812	-0.709331483528087	-0.0590553828023384
-0.24104489929655912	-0.9702070555861494	 0.02440544639965161
-0.7166280266125069	-0.38311065670668587	 0.5828125738101709
 0.030952100399869894	 0.7345962190969119	 0.6777981722971509
-0.0226235233001057	 0.403058597001882	-0.914894498604273
 0.5281957601144919	-0.8457546556232047	 0.07555330230207298
-0.8704465980072108	-0.4802126821039779	-0.10825202060089698
 0.368306657292669	 0.39592222249212	-0.841187137283257
-0.627696295474621	-0.662023252073233	 0.409539466183441
-0.02008906170094851	 0.9991917533471775	 0.03481766280164392
 0.5035454865150789	 0.18034317880540096	-0.8449368502253027
-0.8280620462266173	 0.33710176221083604	 0.44796835771440013
 0.459199548497153	 0.74353122879539	 0.486103987296986
-0.7551444033274403	 0.4825863045175361	-0.44369740681612313
-0.5200208702206182	-0.08433469930334371	-0.8499799721337002
 0.21051365590005505	-0.3780599183001001	-0.9015290893002372
 0.5655119459169377	 0.08898562050266515	 0.8199254834245574
-0.3453551805078451	 0.5077407571115341	 0.7892585906179292
-0.24565328969596412	-0.2922345327951981	-0.9242583183848134
-0.9543356617486333	 0.27350946598527803	-0.12014997599353303
 0.8836002058715865	-0.44764082138560574	-0.1373621898955829
 0.25149954919487505	 0.003635794899925921	 0.9678505864802792
 0.446613444788509	 0.105892608297275	 0.88843862277714
-0.19755284189312491	 0.7643715519733997	-0.6137662463786407
-0.9252302251697414	-0.37125946088785816	-0.07820129879744254
-0.7059868532758463	 0.5175188260822943	 0.4834840510834592
 0.413348379695121	-0.796810098090594	 0.440723024794798
 0.886914030185415	-0.440079622492763	 0.140404518897691
-0.836772905998056	-0.203874334799526	 0.508179455898819
-0.0778935157012952	-0.120368379402001	 0.989668658416456
-0.3718214682068192	-0.29123894040534115	-0.8814355764161665
-0.11794323309714297	-0.28999488279297597	-0.9497327843769958
-0.20334495710302405	-0.5023974020074711	-0.8403854347124973
 0.898818503890624	 0.163623249698293	-0.406635868095758
 0.9990736747074126	-0.04246670990031508	-0.006954930400051597
 0.6651318108796911	 0.6391376609804851	 0.38613821938821014
-0.33627415960246104	-0.7410632932054241	-0.5811582272042531
 0.33169608081604296	-0.3565317005172439	-0.8734202061422438
-0.30092529069426993	-0.6102265300883799	 0.7328489280860448
 0.5657212767127192	 0.7818748909175793	-0.2619753653058901
 0.105636814903159	 0.407260567212179	-0.907182282527128
 0.480638166596845	-0.714269345195311	 0.50873004169666
-0.6763573414736873	-0.19341063649247608	-0.7107271433723503
 0.20314467309602693	 0.9126941189821488	 0.35457254119306497
 0.5083071823829431	-0.8430427718717112	-0.17579161849410102
-0.661955528203785	 0.574604119403285	-0.481295111802752
-0.3904452377087158	 0.9191605137205175	 0.05192751070115908
-0.2901987691053459	 0.7564043829139337	 0.5862056669107979
-0.42129855310580805	 0.7163832275098753	 0.5561498004076662
-0.8737868790785318	 0.38847324689045587	-0.29254918629281196
 0.14780752309781092	 0.8694250048871265	 0.47143726729301966
-0.357367947703975	-0.675640580807516	 0.644823972507173
 0.8580665258634037	-0.43596005708140584	-0.2714049848884249
-0.4312394837895402	 0.8881454917784585	-0.1588398345961471
-0.5672350762975752	 0.7549219200967733	-0.32914626349859316
-0.28973825510665496	-0.3983221385091489	-0.8702822631199888
 0.770063583430382	-0.621058062924503	 0.145907367705757
 0.789288794026549	 0.610866012320547	-0.0621764796020914
 0.5129542714903332	-0.8323193612843144	 0.2100533174960411
-0.15774818440333996	-0.2337795898049499	 0.9594074284203136
 0.05128414610062102	 0.7752055703093873	-0.6296239037076243
 0.42226626481789	-0.122695797705198	 0.89812969153805
 0.49397719052943123	-0.030012927401788216	-0.8689567074517723
-0.037755063799813894	-0.3983963150980369	-0.9164359940954838
-0.609862141387432	 0.749322424584558	 0.258038897294682
-0.31990605251058596	 0.7414959151245359	-0.5897829477195159
-0.015902984700187996	 0.8461640114100027	-0.5326852362062969
 0.9066510430031954	-0.17340747540061088	 0.3845955456013557
 0.8832217317092135	 0.09262573390096625	 0.4597171370047952
-0.3625683356048901	 0.20302430910273803	 0.9095742586122673
-0.769625634888079	 0.587609838890898	-0.249782023696131
 0.5441026277191691	-0.3464637266122061	 0.7641434529269211
-0.09487326650330258	-0.8693073461302617	 0.4850812316168859
-0.7798639246201333	-0.5149398864132942	-0.3558780303091872
 0.6479756774064592	 0.4528159470045142	-0.6124420296061053
-0.410689156607086	-0.841807838214525	 0.350277004906044
 0.7328297225883662	 0.6580733019895533	-0.17291653159725506
-0.9086363087866804	 0.38376845419437416	-0.16462634029758708
-0.4827344193993072	 0.6072439419991283	-0.6310485521990943
-0.295766170791056	-0.677229128979521	-0.673708452579627
 0.2655225440066351	-0.9637991608240855	 0.02426842020060651
 0.10715665819608397	 0.9938930502636768	 0.026344928199037193
 0.6424388725676531	-0.6949408122650091	-0.32300087068373706
-0.22441129569282312	 0.7009842752775803	 0.6769494930783493
 0.502145680096504	 0.405693712597175	 0.763716130194682
-0.49521200980049634	-0.2937098882002942	-0.8176182281008195
 0.30069883518884	-0.136949483494917	-0.943835287264971
-0.802743806556928	 0.00847860169954507	 0.596263779168007
-0.7558052140738848	-0.45052466808443287	 0.4751694453835819
-0.0369123763011672	-0.924909614429247	 0.378390911111965
-0.30925444010234393	 0.9364837690070967	 0.16540810640125397
-0.618883436785956	 0.443845842989928	-0.648061848385294
-0.09573605769749499	 0.7248068182810348	 0.6822680436821478
-0.27067166110577795	 0.15113695310322597	-0.9507336500202948
-0.551749029692338	 0.824423610588552	-0.126090120698249
 0.08465542339939608	-0.6526069280953449	 0.7529526257946287
-0.5313469923880909	-0.6922061545844859	 0.4883861312890539
 0.4820175540065432	 0.7988741909108443	-0.35980425890488416
 0.012317872600166797	 0.23707915040321095	 0.9714122433131558
 0.7777373123487922	-0.12836684739154802	-0.6153426894594851
-0.43108773920439186	-0.5788740118058969	 0.6921475562070509
-0.614812835584153	-0.769096999680177	-0.174628125695499
-0.08033323080127841	 0.9018622582143522	-0.4244891509067551
 0.04827646980216139	-0.11855350770530797	 0.9917733855444038
 0.030564243900188207	-0.7739371630047661	-0.6325243827038952
-0.8029750207146572	-0.3318641528060581	 0.4950730251090371
 0.21519192759341713	-0.9032926504723655	 0.3711533670886452
-0.6185646117101521	 0.7571633328124272	-0.20995596820344606
 0.09505821489984383	-0.23458728339961504	 0.9674361695984102
 0.15619951410540703	-0.8634718406298912	 0.4796020144166021
 0.35033574248345495	 0.6183936891707948	 0.7034586787667779
-0.9642334112834338	 0.26483374879544996	 0.010817303899814197
 0.385029375888924	-0.899578004774121	-0.206183881594069
-0.9284998347818155	 0.16642294449674094	-0.3319509908934989
-0.3608611506027661	-0.31699986080243003	 0.8770919668067242
 0.9586783457659033	-0.24595984829125206	-0.14296706749491503
-0.6927024590245852	 0.4668091501165681	-0.5497749727195121
-0.9929674036705386	-0.05072082319849508	-0.10697258219682595
 0.7926688609827552	 0.31987920059304104	-0.5189926529887091
 0.11270143329505897	 0.19051172209164793	-0.9751941707572468
-0.21887663680083888	 0.4916250006018848	-0.8428510406032317
 0.8686292809779139	 0.31127453409208494	 0.38547546829019896
-0.7051320346925412	-0.19058398839798404	 0.6829835700927761
 0.8431605561710118	-0.16690728539426197	-0.5110990457824279
 0.654858941062651	 0.466698178673383	 0.594434670366097
-0.9420644330969474	-0.2801978971990921	 0.18440103659940207
 0.580316444104888	-0.774773547806525	-0.250915871002113
-0.9191848570097598	 0.31358537990332996	 0.23825072540252995
-0.7209554758009856	 0.5865467388008017	-0.3690340433005048
 0.9683528866473996	-0.2495637355122159	-0.0032601900001595786
 0.5662813090794641	-0.23192579219158904	 0.7909082790713172
 0.871950830806334	 0.0649358470004717	-0.485268054203525
 0.23937274709702783	 0.8213334152898014	-0.5177954314935707
-0.204008977696089	 0.887592546282986	-0.412988872492083
 0.6659270918612328	 0.6929537018596598	-0.2763263928839139
-0.042742832102435804	-0.9472378094539802	-0.3176689828181031
 0.2570241694913309	 0.6787713000771067	-0.6879012272767988
-0.10457113409617597	-0.7292107771733329	 0.6762518172752688
 0.7774683043802723	-0.6288805505840431	 0.007231098199816522
 0.39048885061590993	-0.8865879742361238	 0.24795205481010293
-0.37549621670756705	 0.8845623045178262	 0.27668053900557604
 0.8386598062023293	-0.29616784660082307	-0.4570933560012691
-0.16209434869679099	-0.7963398501842368	 0.5827248622884649
 0.7666015981901316	-0.6284749177919097	-0.13168624589830494
 0.21170308270947305	 0.5972535922267241	-0.7736083966346152
-0.3362310075976248	-0.8194078687942117	 0.4642407285967208
 0.9259908235487184	 0.02782348619845911	-0.37651938637914817
-0.284390837399128	-0.81877163139749	-0.498733262598471
 0.3128310253820061	 0.9431044697457522	 0.11265304569352003
-0.7299707357019841	 0.13963027130037903	-0.6690636086018181
 0.9159062304955504	-0.34303669099833417	-0.2084264991989871
-0.6093983859956917	 0.7825552118944676	 0.12743997599909895
 0.33351613040665096	 0.9166566239182797	-0.22024446550439195
 0.7052594119013946	-0.35356095240069885	-0.6144947639012148
 0.604111201272735	 0.795776205664084	-0.0423070560980906
 0.7927618615004453	 0.5859203736003291	 0.16800579380009403
-0.23510574021052494	-0.33385228231494496	 0.9128351135408648
-0.2670604750872	 0.432871041879252	 0.860988596758732
 0.7370920200029689	-0.5011776518020179	-0.4533390733018259
 0.512082773708263	 0.20390315220329	 0.834382848213465
 0.6925558267704467	-0.4402390548812138	 0.5714507864756148
 0.07558018089766522	-0.9862031937695342	 0.14727829729545003
 0.9203543045746567	-0.33199720659085796	 0.20670222269430794
 0.14585345610565204	-0.9536998741369572	 0.26302722181019306
 0.39578793928565925	 0.8175197797703776	 0.4183459295848413
 0.334028988390805	-0.887242980275577	-0.318158024991242
-0.2953861261113501	 0.11329703080435305	 0.9486362945364505
 0.46386114589349386	-0.24306365989659096	 0.8519113184880508
 0.3820705667035939	 0.8991471362084568	 0.21343970930200795
-0.010083113599803194	-0.05187905329898728	-0.9986024707805076
 0.21421470219456892	 0.7998906961797186	 0.5606129997857858
 0.6381011897438951	-0.5801241439399061	-0.5062438634348241
-0.007090727100070611	 0.9487681108094482	-0.31589364270314607
-0.5215567443973979	 0.3502933105982519	 0.7779930326961187
-0.16874123210589603	-0.6906981804241351	-0.7031802188245722
 0.7961305656976525	-0.22904329639932516	 0.5601029286983483
 0.6079713955939988	-0.43534420339570284	-0.6639625039934457
-0.416775927590501	-0.899272241679504	 0.132692356696976
-0.41277261959448674	-0.3933038540947467	-0.8215417474890264
 0.7041268582271043	 0.7078590305272483	-0.05604427200215733
 0.20258996290695808	-0.4542345422156002	 0.8675415192297954
-0.5745019432827417	 0.09738726269707446	 0.8126888938755866
 0.13815758219645294	 0.2360338882939399	 0.9618734251753056
-0.904276845111077	-0.299523485203669	-0.304251654403727
-0.5918513173951698	 0.5526066082954898	-0.5868031650952108
-0.8490614617935313	-0.4098790702968771	-0.3333073383974611
-0.32301221061131	-0.184188953706449	-0.928298196232503
 0.4200089942111061	 0.48575219801284414	-0.7665750106202692
 0.4884221045101091	 0.8721926412180522	-0.026904357100556907
 0.4675221924929812	-0.8205200376876813	 0.3288918777950622
 0.161454289501072	 0.506573446303363	-0.846945013505622
-0.486762100888503	 0.624047808285261	 0.611250349785563
-0.6604020451163339	 0.7458933291184479	-0.08667341220214368
-0.100375446002069	-0.900907419218568	-0.422244706108703
-0.398250267301719	 0.399730449201726	 0.825598142303564
-0.8792234320980772	 0.15551581489966002	-0.4503121003990151
-0.8003526408859664	 0.14646681119743205	 0.5813631596898062
 0.15413149839939702	 0.9837927345961542	-0.09162606919964181
 0.8567474153914847	-0.13610995709864696	 0.49745145069505575
-0.7678049185784258	-0.19454867929453296	-0.6104313379828479
-0.48913572891586	-0.779844162325286	-0.390626831112666
 0.11640808450027602	-0.04042074950009571	-0.9923786177023503
-0.7206250837005549	-0.41149271900031686	-0.5580082714004289
 0.8185566648218983	-0.5375009496143791	-0.20262703580542105
 0.8372943044184148	-0.5428232944119379	-0.06543025930143899
-0.7642116217626559	 0.6024958714705579	 0.23017237458875195
-0.04316568559991068	-0.6949059764985627	-0.7178038780985156
 0.13965953550036503	-0.9677150426025303	-0.20981613490054907
 0.3772649591048079	 0.8652471999110268	-0.33017939620420794
-0.707408298873446	-0.300725000488712	-0.63963893937599
 0.8029253999137665	 0.09992942000171337	-0.5876435256100755
-0.6537634829809498	 0.15992516849533994	 0.7396061443784487
-0.7152735758772091	-0.6803884291783201	-0.15954716259491603
-0.6134124453123792	-0.4315027518087081	 0.6614609188133491
-0.522304049989837	 0.4984810436903	-0.691892425486537
-0.5964992036127981	-0.7030831238150851	-0.3871211969083061
-0.7340661239119062	-0.08529204690138342	-0.6737003729109272
-0.834389026074606	-0.39591262478795	 0.383468573288329
-0.4686712364134972	-0.5828086616167842	-0.6638383358191183
-0.3821029097928429	 0.8819788227834798	-0.27588171829483293
 0.32440996850548615	-0.44282685540748823	 0.8358603642141343
 0.3092545446965829	 0.2998197445966879	-0.9024797766900298
 0.059237634200465614	 0.9873427451077612	 0.14712309940115603
-0.145387636498338	 0.988549869988701	 0.0403929411995383
 0.0233035967986868	-0.736527046458497	 0.676006547461907
-0.7912616643843275	-0.41459419989178825	-0.44946259899109725
 0.31787244850773794	-0.9380497932228338	 0.13791189910335697
 0.118409000398909	 0.941301044991324	-0.316119678797086
-0.3307733980008472	 0.25411265840065117	-0.9088540675023286
-0.1127899340979	 0.234925385395626	 0.965447302582025
 0.46499468121484566	 0.5679760607181337	-0.6791046612216816
-0.09487096240200703	 0.5041953381106661	-0.8583627214181592
-0.20825421979796493	 0.27402099349732295	-0.9389050404908268
 0.11036486290309097	 0.8399976410235258	-0.5312471742148789
-0.227344882702741	 0.839088295410116	 0.494211631605958
 0.218699505599113	-0.818627978296679	-0.531054384597845
-0.16795919659608	 0.596997792286068	-0.784463730381692
 0.0061389563998959186	-0.6030592433897749	-0.7976727788864758
-0.8525048666490116	 0.20778166821194613	 0.4796480279275753
 0.446725557810782	-0.404874560109772	 0.797817564719256
 0.539210819796566	 0.745841448695251	 0.391116638897509
 0.9350899024815028	-0.3476071920931239	 0.06910943699863288
-0.974721103195163	 0.115076818799429	 0.19151004349905
-0.46216765972252466	 0.023919906701165783	-0.8864699049432034
 0.07924997499888628	 0.9245396867870068	 0.37275435479476193
 0.04517409909985932	 0.29765281039907315	-0.9536047950970304
 0.34149991861589285	-0.2223866491103489	 0.9131932894424976
 0.5908965739773868	-0.5157400586802627	 0.6203655621762588
 0.73717381150152	 0.434797228000896	-0.517229293601067
 0.6945473551215606	-0.6038208271187447	-0.3911577434121428
 0.36320773409623697	 0.9316590077903478	-0.009572622199900818
-0.9848503869187383	 0.15737045250299403	-0.07283032380138571
 0.4151255817048989	-0.6739304682079529	 0.6111370349072119
-0.10282813450018	 0.863423223901508	 0.493889371400863
 0.196766332507382	 0.343733093412896	 0.918221417134449
 0.24590042840631807	 0.9170751119235622	-0.3138570031080641
 0.2691614987002979	-0.9281105026010266	 0.2572216604002849
 0.8619825424133662	 0.4789868525074271	 0.16600509540257402
 0.6241190123752889	-0.3988440188842089	 0.6718622678733989
 0.1736391348912519	-0.11474966179421894	 0.9781012043507206
-0.5216962725745478	 0.12699228949380495	-0.8436266695588427
 0.13350468789311298	-0.27453670248583795	-0.9522636700508768
 0.5263631446011147	-0.6476590612013715	-0.5508898079011667
-0.43448333740616585	-0.8505455709120696	-0.2963046765042049
-0.8273764664910114	 0.38105046779586016	-0.41261207409551715
 0.294477614695411	-0.470260519392671	-0.831948302687034
-0.8736374669155248	-0.27359593440486196	 0.40237152120714986
 0.30189588450616	 0.7498940464153	-0.588657620412011
-0.286560960406266	 0.60782069631329	 0.740565201116192
 0.7411149403203188	 0.4516825273123838	 0.4967207865136188
 0.3769064664071239	-0.004692938600088709	 0.9262394355175078
 0.6690440556109009	 0.5580046829090909	 0.4909285340079989
-0.4088042254979821	-0.20209449309900204	 0.8899645616956062
 0.5505430912936289	-0.26951990329688097	-0.7901020986908558
 0.26329467769865406	-0.9415963973951882	-0.20993364929892705
-0.9945426709334485	 0.03539471550119039	 0.09814321070330066
 0.4712754454127211	-0.7389390190199462	-0.4815273416129981
 0.5843406540045851	 0.6614815495051901	 0.4700937776036891
-0.18086342779907003	-0.9794748005949612	-0.08898053429954221
-0.8836326717953105	-0.07838499779958404	-0.46157241409755023
 0.873077583747928	 0.449174187124657	-0.189678892810412