-0.6912443723652033	 0.7186636003399168	-0.075523818891158
 0.7373011700487675	-0.6719262262576967	 0.07001522057245113
 0.9011924760664849	-0.3731385409323962	-0.22049886700842825
-0.18134576971439673	-0.9817548216922934	-0.057194247006373544
 0.045014096318989505	 0.12342540349587902	-0.9913323866920036
 0.8919028755336317	 0.024855046192652063	 0.45154345006167484
-0.08295171597604492	 0.9732521912019813	 0.21424095112086228
 0.16701786692586332	-0.9492499776487858	-0.26651362453224436
 0.02577050215753446	-0.9585087602014943	-0.28389582215232156
-0.8302682297677464	 0.466014427430327	 0.3057535282954511
-0.0557515871985969	 0.5305519062030067	 0.8458170223808417
 0.8001657805167075	-0.5140334519778013	-0.3090377548745036
 0.3344025513045289	-0.019038491070708995	 0.9422380110878421
-0.7921711252879869	 0.31736979928687464	-0.5212881341068232
 0.2494478984165291	 0.12138016959372969	-0.9607510605796772
 0.0703641669279424	 0.9066203584835679	-0.4160389520173122
 0.5037742805074188	-0.8516233169356633	-0.14473838589237853
-0.860500734678742	-0.1437870477619432	 0.4887369133933408
 0.2842957704998197	-0.882707006769046	-0.3741714247196668
-0.6873898614758588	 0.4214472340634942	 0.5915043594433012
-0.4740389240669365	-0.6754757039544672	 0.564818264432621
-0.48822648062612506	 0.7543133371265491	 0.43891490410834444
 0.7092612027208326	-0.04116496229891244	-0.7037428452168641
-0.7957305317848202	 0.1823586895632656	 0.5775450018190926
-0.2761937682144969	-0.8394145940393574	 0.4680813409154627
 0.2213366917614442	-0.16360502988080058	-0.9613758178141376
-0.24974091863450923	 0.966494062461321	-0.059318637767600046
-0.8201659221953382	 0.569314756018862	 0.05664422873209651
-0.6768730900733416	 0.5921516247922846	 0.437263391093313
-0.7729342438726403	 0.4185314979222093	-0.4768689965766506
 0.32824303132553895	-0.8774805175793874	 0.34969194107790313
 0.14464740893893052	-0.43291960024447196	 0.8897515084625709
-0.7143990806614834	 0.5020895191369544	-0.4873808247385705
 0.09797010668969336	-0.9658958829358483	-0.23968104122518352
 0.4801183427204503	-0.8563029078708592	 0.1903462816954382
 0.5159261607407504	-0.81960035060053	 0.24914947713932256
 0.676314338058634	 0.04878148338198425	-0.7349961108845169
-0.7271647366364778	-0.1648099973342838	-0.6663851068046729
 0.3722422883651619	-0.6409535533328605	 0.6712780506039562
-0.41151980989949294	-0.1888231391140227	 0.8916261930850908
 0.8254152804995929	 0.24632529168226183	-0.5079502587807465
 0.057633737160902386	 0.45196209108375196	 0.8901733654542077
 0.5138230450074617	-0.2798854426363419	 0.8109562364391305
-0.4535158584985134	 0.5238247702846031	-0.7210623940593761
-0.7290939472113938	 0.35029291905751025	-0.5879769442740745
 0.7734451836783612	 0.32637085427933943	 0.5433825662659046
 0.3195217758162617	 0.6123324116839356	 0.7231561742670514
 0.35723975507539085	-0.8365651471028842	-0.4153775536140636
-8.054779642410658E-4	 0.1961416761716661	-0.9805752363147962
-0.25397592984142964	 0.7433973444349748	 0.6187540830961915
-0.9437512278590394	-0.28579634811786986	-0.16629512114624667
-0.9644780307594311	-0.2320506420819166	 0.12623243518121696
-0.18616559945774697	-0.9543435765345389	-0.23360374035062526
 0.06985416149515158	 0.8436949688932741	 0.5322585796264694
-0.005111448520861371	 0.8967226727745914	 0.4425633527824142
-0.386311048914096	-0.5533336350895081	-0.7379604743924448
-0.9639548650003417	-0.1266408541264224	 0.2339938296372437
 0.5594105332263192	 0.8239715161871113	 0.09017092562327633
 0.24774934948595967	-0.8554972900728709	-0.4546918148672332
 0.7963403925303408	-0.5300903618820476	 0.2912836889775714
-0.23317156242920675	 0.1703795129822389	 0.9573932546400448
 0.9002772865836168	-0.43531660084291984	-5.140935774057276E-4
 0.704875036673148	 0.6289019810506039	 0.3280754195389439
-0.3250031167946112	-0.7285544633968757	-0.602977087407373
 0.3649346201633567	 0.015012832762181957	-0.9309120999636225
 0.43016151426233323	 0.21007867075068795	 0.8779681222818745
-0.6505195564799922	 0.11986144632190449	-0.7499716930142732
-0.4431717179223461	 0.340256887001122	-0.8293516017239384
-0.3980043260544053	 0.9142418676323149	-0.07585752375444166
-0.6670803047988197	 0.4993069283467019	 0.5528982349894918
 0.4860986975799789	 0.047946394762454284	-0.8725876457069119
 0.6513614527812884	-0.04986398531552084	 0.7571273610160334
 0.42399333137635814	 0.6521493655850571	-0.6284352471936829
-0.7557188819381672	-0.6519144326838743	-0.06242230323040676
 0.00926016730837989	 0.49867402912624725	-0.8667401352057118
-0.9562195567340678	-0.24501592886365506	 0.16003547707425203
-0.22660733816389345	-0.49999013224010797	 0.8358582307740914
-0.9609247500733751	 0.03447062526749675	 0.2746550576452029
-0.04270452422969607	-0.48549809418753714	-0.8731940930575428
 0.13838680999954278	 0.6520464833198681	 0.7454424688789494
 0.16327776181045336	-0.9783481055347742	-0.12718237650982545
-0.2615106637198223	 0.0321744803651252	-0.9646641776152218
 0.43915671732760964	-0.8693433744506759	 0.2266792335542669
 0.8425495453017702	 0.23692372707405077	 0.48371211609915354
 0.09700836541597713	-0.7652600868022155	-0.6363696854712564
 0.3894536549153814	-0.8825379069573549	 0.26353878928230356
 0.2283258293961231	 0.9726814558935842	 0.04192971489659669
-0.0016807713052362666	 0.2498601995528351	 0.9682804633406774
 0.14436921041485332	-0.0414772033741206	-0.9886542230145248
-0.7746897079692375	-0.5293223703589482	-0.345938845179494
-0.6284940998537575	-0.5738671152225735	-0.5250444747972658
 0.44117296470195333	 0.8620341357840908	-0.24952667985420862
-0.0828532700735298	-0.7130268258490589	-0.6962241602082899
-0.24793128998991776	 0.4716997177466933	-0.8461852348756891
 0.7390499350906227	-0.4396649200101349	 0.5103919587483996
 0.9506247460003848	-0.3089444095586315	 0.02942692804511693
-0.704804399019711	 0.3673388744322277	 0.6068878895260046
 0.6790911319319919	-0.6309223413944656	 0.37519626019011887
-0.41249997358055046	 0.11217317471657474	 0.9040248617543933
-0.9694384334534412	 0.06641729698859997	 0.2361733820820331
 0.7392189355878032	 0.38473157301987354	 0.5527539977151581
 0.7162677286616961	-0.33773184516123805	 0.6106535365015093
-0.9799178173622026	 0.07240773107149638	 0.1857907201589326
-0.8272408455062444	 0.11010322899138211	 0.5509535937733641
 0.12207454441343642	-0.779901665125916	-0.6138820720138973
-0.005818838002764424	 0.9649174213020415	-0.2624890687097583
 0.38779253177380324	-0.9152704237319079	-0.10907338695611024
-0.7576631448280128	 0.6437849705496395	-0.10717961869555959
-0.1985210997116567	 0.7998932347198731	-0.5663569422357708
-0.5970979493888229	 0.009182494650780883	 0.8021157775705767
 0.333038340163487	 0.7536393688137681	-0.5666684795849639
-0.15107977454956376	-0.8009141862305511	-0.5794060476183407
 0.6286827429500795	 0.4416267962812437	-0.6400966970100135
-0.32048854360622114	 0.8452327652190508	-0.4276314605093037
 0.8626868868995275	 0.1993353236023639	-0.46479755155975444
 0.40138494747215114	 0.016136645730075044	-0.9157672917326545
 0.7821735254524124	 0.4981907596250468	 0.3741798272295864
 0.3393666342243417	-0.4077199516544022	 0.8476996688675618
-0.8972011546199716	-0.23644580264076845	-0.3729925878112763
-0.09717662571242813	 0.9591507713424513	 0.26568120228636305
-0.9984446313633006	 0.019779370048851365	 0.052125757762102376
 0.033693453657576415	 0.9822650480411231	-0.18444545691720027
 0.7331933251520593	 0.6671140199653517	 0.13185762138812906
 0.9172217809970182	-0.3954432008183434	 0.048258464451340854
 0.5720179254379643	-0.8177687153201442	-0.06363820567307554
-0.005778217005553725	 0.6539110438373373	-0.7565493764162392
 0.17925430411494464	-0.24942865957682722	-0.9516581519841956
-0.5319902258399068	 0.025997281997466544	-0.8463513105912635
 0.9052137249560132	 0.0651342001174205	-0.41993529040356115
-0.9440400963795592	 0.2589141713191974	-0.20433244558259922
-0.6572913031893418	 0.10781325113452588	 0.745885008316604
-0.14627339552470472	 0.9855374584512601	 0.08555706721892808
-0.7075553934529527	-0.678465174035713	 0.1976116717613785
-0.1798739032513313	-0.6522349279487661	-0.7363660622902162
 0.559303764954012	-0.557704881892678	-0.6133062556515638
 0.18308446995026528	 0.8348787680711419	 0.5190929776899731
-0.8104813145077538	 0.41473826195998614	-0.4136571199679673
-0.027896284267616166	 0.03278592597929622	 0.9990730105361372
 0.02126888889309853	 0.9935201256468548	-0.11164853021831855
-0.8478694274567398	-0.07370996986942022	-0.5250564487043552
-0.5929872980573229	 0.6438862824786754	 0.48350441526263976
 0.8448534593377024	-0.4139111520491878	 0.3389693060653596
-0.6380332112126893	 0.7534403767822963	-0.15887485648703326
-0.8645451450712033	 0.38964003927340696	 0.3173993256590659
-0.20717698410863677	 0.03800033238898213	-0.9775651753177261
 0.8322521899814282	-0.4586657864351897	 0.31141931318546323
-0.6968553048423844	-0.6541629545247027	 0.2940467871624157
 0.02862809296891049	-0.4652721306328677	-0.884704626838424
 0.14096645634619728	-0.8807798336455024	 0.4520567915965834
 0.7670769168306709	 0.4922597547186226	 0.411428411208941
 0.27366216127553994	-0.9455546872245565	-0.1761685413281031
-0.513835797942532	-0.6179514323151967	-0.5950704160453266
 0.8995412915779566	-0.3795471006541993	-0.21626248664817682
-0.4571463208664063	 0.49973847353867645	 0.7357164531146101
-0.30950079590713386	-0.5129293965016531	 0.80069513020706
 0.06990496631420977	-0.44253690890586	 0.8940214650335057
 0.010284096001135223	 0.8823823936926081	-0.470420608254722
 0.6727080086710426	 0.6905963881695357	 0.2655947358609212
 0.6310788229701854	-0.24841827646865425	-0.7348658919251243
 0.08697019821405817	 0.9854879381807984	 0.1457727969230409
 0.3407685347234999	 0.48763571054027005	-0.803796130588027
-0.43498946334122657	-0.6828193438731065	 0.5869769249423797
 0.3457312712631476	 0.87849225830577	 0.32972904052812235
-0.6412857033942514	 0.7357103281115703	-0.2179058506146767
-0.9213831718554103	-0.2447532618946824	-0.3019087468318471
 0.5186251941244888	-0.17649934839746056	 0.8365858521602001
-0.510801022081269	-0.7132437294398011	-0.4799642676861837
-0.65478011294281	-0.036411335005675755	-0.7549418642370453
-0.715765496067826	 0.6016496892477263	 0.3545382998589761
 0.7599832204031918	 0.6290624122711321	 0.1634196627496758
 0.16387340699654074	 0.1868421155195766	 0.9686255883196124
-0.6457689181416177	-0.39129825509016725	 0.6556433328613926
-0.7580385656983797	-0.15180597629763856	 0.6342968378245821
 0.583987529132047	 0.6437315175146481	 0.49453847087616465
-0.9289544816661982	 0.3489286594496842	-0.12366228853992278
-0.30510666279464727	-0.93293305863169	-0.19116964306718098
-0.4893800908615662	-0.5358185324553276	-0.6880447855668586
-0.005216132071962498	-0.447565620902568	 0.8942358788106786
 0.5130218896374836	-0.14984987823673554	-0.8451943887326874
-0.17224362783687144	 0.5077450472642114	 0.8441132031003051
-0.640883018019231	-0.7410928807767974	 0.2001257086845909
-0.6431015556821416	-0.32296472799233716	-0.6943444199761708
-0.3989642292864423	 0.6320646275693654	 0.6643205930313123
-0.5299370477127759	-0.7633004166901789	-0.3695121098720129
-0.12591460734083335	 0.9845726568492343	 0.12149977383947563
 0.718690191174709	-0.694393609006855	-0.03608219615953612
-0.9631132451115734	-0.2662691758525698	-0.03890505213269302
-0.7693473036894298	-0.23250307317933547	-0.5950185268275006
-0.5070614790741105	 0.4810683468495175	-0.7151656466152774
-0.6043449330239982	-0.31874616336101236	-0.7301835969609658
-0.9971820046572931	 0.06784684543066552	-0.032013358973552064
-0.6769523041221163	-0.21546387864928435	 0.7037832727062816
 0.3607400099504936	 0.5818300415855969	 0.728931030982644
-0.4507277311030099	 0.6726451022678709	-0.5868501331769282
 0.4104682049619901	 0.7509771990433094	-0.5172514854810446
 0.03822422356460433	 0.9914149534393562	 0.12504118853290924
-0.8280162744304261	-0.5607024905336231	-0.0013290552093920827
 0.773090999086113	-0.43112835614173556	-0.4652511662130041
 0.33165069299720584	 0.1020653873911338	 0.9378648487554968
 0.06307561283610909	 0.2642625620064581	 0.9623859752651907
-0.5512096642362114	-0.42642465316122175	 0.717167986756893
 0.697072415441657	 0.03253581689561187	 0.7162621505072491
 0.880240935233024	-0.34478407764286806	 0.32603655584005886
-0.02172188104152069	-0.6590845081398595	-0.7517551270287801
 0.20395914386072758	-0.9543752080528002	 0.2181023381116609
-0.5917861994464264	 0.6921165394550757	-0.41323575590392125
 0.3532983791116562	-0.6145085585271592	 0.705378966807169
-0.6548430837241631	-0.05173920605279256	-0.7539917706816537
-0.30949151633984767	-0.9458695808845199	-0.09770228897525612
 0.8795703460199336	-0.4463320499866102	-0.16475347509878113
-0.061298222000559774	 0.5947014665828769	-0.8016063208481738
-0.10888929652493738	-0.3507651746754646	 0.9301112370771547
 0.6665417908984919	 0.5366777371146817	-0.5173964123100352
 0.5585935272318757	 0.5910270290428585	-0.5819452914797263
-0.002683765650028197	 0.9948601823377644	-0.10122260123512827
-0.44597024042542877	 0.7469739193182162	 0.49309279908884096
-0.4937532743861416	-0.38212337370910116	 0.7811462291390379
-0.06545218775912014	-0.9661177934213189	-0.24966461573932852
 0.6100808715099373	-0.6840362051010336	-0.39986972919771246
 0.13008936123488254	-0.8032190916798814	-0.5813052974594732
-0.6387450303711698	-0.13773497595030526	-0.756990001635492
 0.44901463632193084	-0.8305724897956993	-0.3294468023266537
 0.9659062437034754	-0.09861642260989277	-0.2393740369511057
-0.5945915640179843	-0.7879343758789199	 0.16006339777395784
 0.37122824499736173	 0.9129235636342629	-0.16958819852070084
 0.11044439319666384	-0.8389666710107108	-0.532857355156731
 0.13986443318239386	-0.7738712956509789	 0.6177063688339655
-0.1324254392479729	-0.23831699231191014	 0.9621166843036173
-0.6589318417992803	-0.5940451770077868	 0.4614316369049649
-0.3628669579698722	 0.5442920477271229	 0.7563555629429233
 0.9593185146338824	-0.24896294974101313	-0.13313691124889182
 0.3387942304091357	 0.36508959728818136	 0.8671378525894455
-0.6722322929799808	-0.3405593251727318	 0.6573607003105455
-0.38553856833638545	 0.7752369844792294	 0.5003674951679828
 0.4628900489586228	-0.34011590720830515	 0.8185682453155358
 0.896654273868661	 0.007941331712198747	 0.44266019518779975
-0.8195573713178086	 0.37029869447422487	-0.4372694729675608
 0.46300842086737065	 0.8851958120935961	-0.0452943314098202
 0.7333981234455266	 0.3959542011587674	-0.5525825396366615
 0.8230849531267334	-0.4992501821225817	 0.2707035566573375
 0.8675175929021022	 0.4974021280095522	 0.0020854392610631933
-0.353996897442288	-0.9204076370921191	-0.1659396823660222
-0.9471731696777764	-0.2039201827242631	 0.2475470575875569
-0.9643016601595916	-0.0343138072602218	-0.26257355320893194
 0.5581821046834166	 0.7871200792135347	-0.26243993390882836
-0.08190616761837585	-0.853595359790162	-0.5144573271426645
 0.14024730575406996	 0.708522259236255	-0.6916118140947836
 0.3666162519073072	-0.40469298434101564	-0.8377446581522323
 0.8405282579814979	 0.3556650731706235	-0.4086742018541465
-0.6681462727538385	 0.651991668729625	 0.35845142224897364
-0.8670304100762006	 0.14987567388028927	-0.47517949280458716
 0.5439100386458975	 0.23504134552945602	 0.8055541172087206
 0.053975524901656996	-0.800447911129774	 0.5969671551095355
 0.6074835980007408	 0.5637370218259976	 0.5596108008096601
 0.7644286385076463	 0.025283017757498517	-0.6442124072403606
 0.6080532481631689	 5.478569258930047E-4	 0.7938960556968453
 0.37254100795328693	 0.3861697762093589	 0.8438519427811746
 0.9735085887764918	 0.07307800746869927	-0.21665786946891186
 0.25646803268731055	 0.15176674000894777	-0.9545632534497424
 0.7659344920545075	 0.40167073248723395	 0.5020009726528154
-0.5065563041341066	 0.26197617624655767	-0.8214433600810387
 0.3137689647711909	-0.8587299848050738	 0.40513189203405453
 0.4144499875443252	-0.555528597095612	 0.7208461594775197
-0.7990697913173069	 0.4198138119087263	 0.4303996188831727
-0.10312110960430156	 0.8133307947353305	-0.5725897790645353
-0.23472479500063975	 0.01529251931329781	-0.9719415668984221
 0.6302356807050912	-0.2915130018029541	-0.7195993027692711
-0.5752328096841623	-0.8094501560951546	 0.11788833470871585
 0.7178195756404514	-0.02496306819360333	-0.6957815045355287
 0.3459617655936049	-0.590701189557383	-0.7289599175557242
 0.12106606899907925	-0.8497360277254938	-0.5131195670819904
-0.806426345585422	 0.5773512097382263	 0.12783633974558306
-0.5669347246148199	 0.48310150432891746	 0.6672315599108418
 0.13015342021879558	-0.38891637125263717	-0.9120329727466165
-0.45261094759152526	 0.3487586521396073	-0.820676996557151
 0.4797952710590675	 0.5921653943399032	 0.6474076332695058
 0.48374625543585775	 0.8259704650034262	 0.28941726156850067
 0.8323688632918564	-0.3764208868317088	 0.4067792907450585
-0.181368656869856	 0.04730247305058447	-0.9822768888396607
 0.9623330349296756	-0.07529498117682946	-0.26123896281493053
-0.20545453373265368	-0.554966313957839	 0.8061022422377617
 0.6835910317011968	 0.3811354433692574	-0.622446041987105
 0.5052287339059672	-0.7992992286225334	-0.32536851347233386
-0.6240630304628331	-0.011480735478286706	 0.7812896560958826
 0.1258884820687037	-0.9920361557684134	 0.004044221886326582
 0.8045032081100424	 0.5936550157135122	 0.018663077421460228
 0.6619267069546113	 0.7411108302205007	-0.11228433528370818
-0.037212755997685476	-0.5155741339335188	-0.8560365197874205
-0.46230369516756337	-0.06938424624826056	-0.884002895813683
-0.5156684755561216	 0.6568969623883321	 0.5500658179914546
 0.10216672129102312	-0.6940352847959278	-0.7126548845822063
 0.7774283100348497	-0.05178186998192609	 0.6268363906934029
-0.12591433641531657	-0.6875173268184115	-0.7151681656852156
 0.5363533334247541	 0.8192670790636335	 0.2027968315499442
-0.46159298355296274	-0.7849491313401514	 0.4132635705491301
 0.7019106043873723	 0.04594897681042271	 0.7107813974624189
 0.9604288883938509	 0.24151988555806594	-0.13872452998143703
-0.6078311472128448	-0.023678335528611535	 0.7937131931022134
-0.5288620283089748	-0.15512674791674683	 0.8344103589323968
-0.4299456703907687	-0.8895345764321495	 0.15451523498965725
 0.577602538861233	 0.4210839302912192	 0.6993308449879481
-0.09584275911627974	-0.9847142850004688	-0.14543707381886684
-0.5980554258906219	 0.15686277963561077	 0.7859540545908372
-0.11093013759125338	 0.17679785881478643	 0.9779759821654581
-0.20458041762279164	 0.4149182295977661	-0.8865606101518044
 0.7194320178104857	-0.34216014234454145	 0.6044369352876247
 0.9120657291881944	 0.3341889846828863	 0.23760014342804725
-0.3669135365211027	 0.6854770749237911	-0.628884438089782
 0.5715308044040834	-0.48563024772037094	 0.661449772935385
 0.07379344378136451	 0.8287932050285743	 0.5546677843117898
-0.7347646218130734	-0.6503560669564693	-0.19276394036438305
-0.6716844504347181	 0.47661143935010125	 0.5671697584716904
-0.5581871515794747	 0.5908196023877524	-0.5825455357703555
-0.22486500250694744	 0.13662894706585985	-0.9647633188877078
 0.8971015734069042	-0.08291123930137544	 0.4339752220903479
 0.567878490699995	 0.2613124665423902	-0.7805317511990324
 0.5318514186414487	-0.8407397981409402	-0.10144289187030009
-0.00680964442152367	 0.9019666352232879	 0.43175203263775463
 0.3900111514966656	-0.49673342935734666	-0.7753368312334548
 0.6834770362399931	 0.26760177821422876	-0.6791527289418617
-0.7153281760657195	 0.10816252707266621	-0.6903669084361921
-0.19852966347504117	-0.884561869337821	 0.42206192914555385
 0.7592572636855918	 0.22107023128151138	-0.6120917908139325
-0.864118464402165	 0.4597674020459197	 0.20472717331900503
 0.6829339008762259	 0.0302315451333364	-0.7298543284196051
 0.04993173120134486	-0.025091271605663087	-0.9984374043015654
-0.1277838956107597	-0.7315565422115918	 0.669698664751512
 0.937455611845221	-0.10115952362087192	-0.33308216193711226
-0.724280643157832	-0.05777687493135501	 0.6870803320355225
-0.46875295943620027	 0.6607291637382783	 0.5862658400465777
-0.012273657525142822	-0.6060523471632732	-0.7953300634509191
 0.5271128528960319	 0.8113267521275885	-0.2527863556323888
-0.8124715068919093	 0.5797011843243488	-0.06194019197369194
 0.24008729198038636	-0.9705969186675739	-0.017312241407039464
-0.9458443751172759	-0.2579470077735074	 0.1970831277398042
-0.3914320928333231	 0.47162511529573153	-0.7901586342769487
-0.18666748427579752	-0.1474309363120362	-0.9712977758299981
 0.7748361044210683	 0.4038126459096181	-0.4863788217933187
 0.2732076793214935	 0.7050460095520544	-0.6544216441824706
-0.6689113478055028	 0.08747688514030866	-0.7381770812909156
-0.15381126593908553	 0.43277251440656317	 0.8882848896859818
-0.4016457197291809	-0.09216492074876385	-0.9111456212958511
-0.41537665140804697	-0.7054899944862143	-0.5742352350255766
 0.3490506695356415	 0.821063381011729	-0.45168413128901097
-0.23016452558448636	-0.8147160979277678	-0.5322236099045403
-0.6599330930372803	-0.5694639428721475	-0.49010114311512853
-0.23435234149593415	 0.22935099916235957	 0.9447100609280079
 0.9705724406429896	 0.23810224330449326	-0.03600637718069022
-0.10566855456378253	-0.5847536648992268	 0.8042992651764167
-0.1465869903548132	 0.9683091013140747	-0.20221211281979912
-0.9414251333884373	 0.18584210542423707	 0.28139195097950087
-0.6364001347463074	-0.7020658272080476	 0.3195284694069713
-0.9167688508947487	-0.28094048342782674	-0.2839142807265269
 0.968049521408284	 0.18706748414990124	-0.16699065984365324
-0.6250808187875755	-0.10960854837882913	-0.7728259416622478
-0.2230504055348255	 0.8879481550969176	 0.40223946903645635
-0.7011848354705129	 0.08402652074029238	-0.7080108546614741
-0.2055037031128017	-0.9738737033541028	 0.0966345586334949
-0.6244995228153382	-0.7029577439626836	 0.3403685593680901
 0.8475975784280593	 0.025385789148114637	-0.5300319865368666
-0.5421426120826653	-0.033616923009567624	 0.8396137746914074
-0.414433781591017	 0.43071114932708604	 0.8017060225054504
 0.2228427567289579	-0.08602260163361748	-0.9710516040775703
-0.3406261703037746	-0.6078945302005696	 0.7172433703119274
-0.8801446665379421	 0.13151133845088078	 0.45612512956827156
 0.3337752901335408	-0.5048690013669421	-0.7960536082168193
 0.35471401251281687	 0.9076149426752618	-0.22452858428190958
 0.09570550477565191	-0.6512538187487749	 0.7528007172690363
 0.32052347131911346	-0.3355848701384132	 0.8858033073248992
 0.9146038763171196	-0.13583814507974332	 0.38085134602229465
 0.5602767673864246	-0.7149354785887422	 0.4182788607879966
 0.5980410026863618	 0.4985707242279806	 0.627514296290274
-0.9280112379216802	-0.33068014707355126	-0.17159773489905183
-0.680936101322353	-0.028922941411679233	-0.7317714734642302
 0.20590535209635713	-0.3770126033974676	 0.9030307208824842
 0.287271913694308	 0.7854683362127752	-0.548191882838067
 0.8938791269020039	-0.26393752400136455	 0.3623769997018853
 0.9693294475610215	 0.035100406827148094	 0.24324552109260655
 0.41752909502902674	-0.6983485749221843	-0.5813593748348747
-0.7688342225588664	 0.6235715912808527	 0.14160652799136364
-0.8944627598430331	-0.274512008394532	-0.352958253198852
-0.28976847065383354	-0.01670401942635105	-0.9569509962113747
 0.7420943057746225	-0.05132720252378542	-0.6683274344346215
 0.7431106784998628	 0.037580650938788415	-0.6681124262985163
-0.40534932062174855	-0.7165088799727595	 0.5677208408995293
-0.405237181793459	-0.860760121212421	 0.3080175972610548
 0.23757241814333077	 0.499233162753232	 0.8332620208223434
 0.3645491086741665	-0.9311790081476778	-0.0030987336086818473
 0.8156197729548654	-0.2693975199268979	-0.51204429712896
-0.5989722594327265	-0.5924714878493693	 0.5387112106830607
 0.25607184488642726	 0.9229530297773406	-0.2873759124931816
-0.1775768870105072	-0.9667744681307562	-0.183884683892245
 0.9167133297025057	-0.32867971249573225	-0.22717023955498172
-0.1184251845249804	-0.6442637834430821	 0.755579018378508
 0.5451494207689517	-0.8206697903508565	 0.17121099334084167
-0.19711656377573888	-0.5297177667858345	 0.8249509972335771
-0.05269591014332197	-0.6564509599893533	-0.7525259319008373
 0.8140815719414216	 0.4638028524406969	-0.3495112420126958
 0.015876839183555445	 0.4177600034716572	-0.9084186840201496
 0.9040236347860534	-0.17643961044250034	 0.38937171393812253
-0.8682159228912147	-0.4257580069154197	 0.25481607246319027
-0.8545986672429206	-0.012447012502521839	 0.5191398557483196
-0.7239646303886257	 0.6085054464773435	-0.3249558978594935
 0.025376325046940942	 0.9987360406692146	 0.04338620973873075
 0.4458528718468028	-0.726156622756886	-0.5233658146003348
 0.9686434391210625	 0.07590193884835869	-0.23657722529182856
-0.5009224818703405	 0.0761094378356161	 0.8621392118615212
-0.6201430775535198	 0.1423236608212255	-0.7714703746307396
 0.4981066378754005	-0.2876343935306585	-0.8180197020626796
-0.5501071635879194	 0.37290121325085523	-0.7472126830597123
-0.7865345243749606	 0.2808612979063141	-0.5499821572602472
 0.17118732511345147	 0.833320622875626	-0.5256154860833917
-0.08939694903577527	-0.9937377713528294	 0.06703303133386318
-0.39214250238748616	 0.634227381994479	-0.6663181565511402
 0.888596487618758	 0.32786233615109645	 0.32078430560916127
 0.33633866408616214	 0.042190833058775544	-0.940795533921448
 0.9014077532058974	 0.2542692699916693	 0.3504442905772609
 0.7238326611720719	-0.6526462096263104	-0.22387318660564648
 0.2384972969112029	 0.6784430405495832	 0.6948626339758717
 0.618769195277976	-0.3760785334783977	 0.6897025588119734
-0.11529048654192987	-0.9505919128128484	 0.28824142486418425
-0.5967280925637546	-0.6667588863491866	 0.4464842337861614
-0.3240189552292119	 0.46577011664239903	 0.82345000764776
 0.3339552540475625	 0.5562874393181311	-0.7609324366531529
-0.09500854883333096	-0.9690962869961369	-0.22765272275746162
-0.10693405230349884	-0.9942558678824354	-0.0045141598662241655
-0.732598164060182	 0.6798057082147975	 0.03411933607543416
 0.3908075667360118	 0.07100285838271272	-0.9177298294614609
-0.29026906172782385	 0.48790875544570195	-0.8232186332700899
-0.7000062424773131	 0.2970669325691997	-0.6494170447922658
 0.6510514291908983	 0.6065164925610651	-0.4563658409652418
 0.17102931989849376	-0.3187565100601091	-0.9322785308207833
 0.7759077588279011	-0.6201635971115034	 0.11560390394958331
 0.6441676465719968	 0.312084671141481	-0.6983202711853702
-0.42395094505973474	 0.9044143006192418	-0.04796216236123785
 0.4201224351130971	-0.843109849641744	-0.33565297697431107
-0.29121364706822717	 0.6260845565857944	-0.7233344591307616
-0.9962034988230055	-0.08146713724548996	-0.030687040942823707
 0.9720692216651431	 0.1639636592683744	-0.16792065605710071
-0.5248570659042697	-0.5161228558723036	-0.6768620672017147
 0.057088553935848364	-0.0791677171102089	 0.9952252858408852
-0.8864276591089771	-0.12964380252287835	 0.4443405109080061
-0.9086530023163365	 0.2583412265000016	 0.3280389185325159
 0.6569307142134303	 0.6341731244481139	-0.4077578754000335
 0.5455988632329806	-0.40893867802318457	 0.7314991716027637
-0.6690203067034866	-0.4220354673588886	-0.6117988995654842
 0.3097800435667257	-0.477888704323955	-0.8219846171841472
 0.07512850170119002	 0.20751980247646346	-0.9753416016003131
 0.9215732365821968	 0.370404981379549	 0.11620206273827627
 0.7727666145450377	 0.6237770301853306	-0.11719204775824243
 0.8684715916220352	-0.490224249361225	 0.07373791347544678
-0.5433473720940668	-0.7282773322222715	 0.4175952114304988
-0.6306054350060223	-0.26859221798220223	 0.728144907130625
 0.929429267127598	 0.1852346166032019	 0.31913848752308294
 0.9535881851045254	-0.19664556483879989	-0.22803529344881412
 0.4918004328510229	 0.7613000748980046	 0.42255713247777416
-0.29298857308092197	-0.9178018651756958	 0.2679504288558221
-0.5176318460150918	 0.7633736147367147	-0.3864168685691787
-0.7912546493968352	-0.5978393165307969	-0.1284687955025694
 0.1303500777481241	 0.3304506173865088	-0.934778715365264
 0.6423621692864191	 0.2933177119814297	-0.7080505372553749
 0.8839860976791739	-0.08940538349287097	-0.458884796558394
-0.14876321750754481	-0.7272016307868908	 0.6701099113561069
 0.43718342477107425	 0.4374201024970636	-0.7858335110167374
-0.33253211642191405	-0.44839041681572345	-0.8296797126938711
 0.8013889512284637	 0.28541587064564294	-0.5256553334957541
-0.027302545660376546	 0.16890048254431994	-0.9852548898618869
 0.675020380285465	 0.5053936826253557	 0.537517173457414
 0.876524428385782	 0.2091734408358629	 0.43353361817956393
-0.7185128663828907	 0.13400580446608196	-0.6824820182331843
 0.5421537332719116	-0.6262734880046222	 0.5602239264096573
-0.04778958307920215	 0.1562226421553692	 0.9865650722720278
-0.3817189998688008	 0.4090536517694769	-0.82883394905929
-0.2679537825222904	 0.27101716790795005	 0.9245271575952494
 0.27487871035104583	 0.7078790889070329	-0.650652664702063
-0.5094118743608134	-0.5586042411439898	-0.6545692049250027
-0.04016658580290128	-0.9348150660341347	-0.3528561147274265
 0.5782106924200858	-0.2039331620387339	 0.7899896585348243
 0.9477567722222479	-0.29167463467729693	 0.1291627198255425
 0.25589646645922187	 0.3870730258628301	 0.8858281272928046
 0.34378110684757646	 0.916507583546664	-0.2045199253767469
-0.7091440218565782	 0.10274303806605836	-0.6975375433580857
-0.06702297798117161	-0.727544302637417	-0.6827790331596086
-0.6406975662470933	-0.38204699175912493	 0.6659930365197932
-0.6471002370330993	-0.05290339532981903	 0.7605672317384464
 0.3305588971389	-0.8769453356957301	 0.34885196534320584
 0.19978923058764272	-0.1513486017819871	-0.9680794719855572
-0.10799602475883793	-0.8666098292144273	-0.48715938105021594
-0.9824977796509204	 0.11556953202594265	 0.14608831660442956
-0.8975475746504836	-8.590489370137171E-4	-0.4409167872444395
-0.3771983285250379	-0.2225350398138422	-0.8989992085719372
 0.4091154009118614	-0.8839469933271298	 0.22641179678774304
-0.10968517355923985	 0.4924670521636774	-0.8633917796889761
-0.6504755886921971	 0.7592661593899865	-0.019909990475117434
-0.42919306382714967	 0.7759643123142617	 0.4622474445330327
 0.9169575809976889	-0.39636196297361065	 0.04567262811107842
 0.3233558518834399	 0.9333453228734067	 0.15590863132960653
 0.38893264495596186	 0.7934295684463003	 0.46818897637885204
 0.7475261933706341	-0.6514807437990708	-0.12952772168080018
 0.9073612698358493	 0.4116118905785536	-0.08527119992250487
 0.3476565877544435	-0.9099455318646443	 0.226128339733229
 0.03164453387320342	-0.8075862472796884	 0.5888998868064568
 0.08521849505756939	 0.9419254246379473	 0.3248296515417666
-0.9088977764675984	-0.06772653140056172	-0.41148262281256076
-0.6092690682712334	 0.730606980229632	-0.30822823181474046
-0.3935991306971582	-0.8642560930321815	 0.3132748473324829
 0.9510472986045864	-0.28012531861163353	 0.1305329142004017
-0.788407687355997	-0.6039165630266586	 0.11703889703870374
 0.878555369612788	-0.06887753726697997	 0.47264822795031525
-0.4202610577415362	 0.5771469214664761	-0.7002014527175267
-0.5348706011232384	 0.8448857092880585	 0.009032070354018096
 0.9436383412298721	 0.2136227288582319	-0.2528082488292218
 0.7176710303918274	-0.4743920540103071	 0.5098043460271935
 0.14536722726906134	 0.27950014344470614	-0.9490774673600115
 0.9846400660372191	-0.036604339803437295	 0.17071632218910815
 0.13852070707871714	 0.9659037044345994	-0.21872825027858256
 0.6302767696439973	-0.6454218778687966	-0.4314878830459137
 0.885995519540747	 0.3793162671162385	-0.26670415980018847
 0.18887786992137695	-0.9532707639594092	-0.23579652421994646
-0.8210806206682331	-0.047877359528996515	-0.5688008199779604
-0.9112800539526124	 0.4070356511844718	 0.06237501048462524
-0.9402935805412569	-0.33678304666390946	-0.04924593254958021
-0.46920276936205924	 0.7953657103165632	-0.3837214459417184
 0.5202177674529457	 0.3183932208494673	-0.7924640252676303
 0.09337026534360278	-0.3355464116258305	-0.9373849791812827
 0.45197483705233465	 0.8535633833533752	 0.25912988494161504
-0.9102435548386973	-0.2585210579749052	-0.323455612809775
 0.45465934728593577	 0.12138381035918785	 0.8823552847397762
-0.5385832204230563	 0.8278911579077212	 0.156602507441427
 0.8715197901404675	-0.3968364263079846	-0.2880522628771085
-0.14412087693878414	-0.3665880568889948	-0.9191530717876903
 0.437151625774125	-0.6997456273869821	 0.5650261171271982
 0.6353329183612619	 0.702957348691374	 0.3196921155852237
 0.5954659912444158	 0.21550732157830854	-0.7739359454227777
 0.3376370347590626	 0.5655091783347046	-0.7524630236618375
 0.7946060232460936	 0.6030736855804444	-0.0700242642335338
 0.6146380058187547	-0.5791210060155811	-0.5355735077416037
-0.22496038072192687	 0.9727390351116139	 0.05631693062989229
 0.3589313426472383	-0.1536410446408889	 0.920631696536192
-0.34890136674671135	-0.3617916900725295	-0.8645083049206292
-0.02599552621683111	 0.5554090210611856	 0.8311708921398568
-0.8353725006138691	 0.5233027675514839	 0.16824683857680323
 0.23535751442149408	 0.7843482393096923	 0.5739378711124765
 0.5777721629066811	-0.6229420683946991	-0.5273732143314349
-0.42245381312868147	-0.19912505467310854	 0.8842409108237803
 0.5671366180824654	-0.7984561833076916	-0.20204895388914434
 0.8177897328654282	-0.5684047529989923	 0.09019972055414671
-0.8128289435192566	 0.5089870733814457	 0.2832688964711092
 0.87537950942476	 0.46768094174464847	-0.12241426064027627
-0.8840050611902008	 0.4673267178691131	-0.011865519617433096
 0.990723714538694	-0.04170605271518276	 0.1293333932809726
 0.37511853773938286	 0.44430104012893323	-0.8135617176248002
-0.6366453796786385	-0.16134203229409436	 0.7540897885192808
-0.37587926995443494	-0.840872989701028	 0.38941929794217445
-0.3047039038162683	-0.9472028664604628	 0.099811125473112
 0.4171431852466019	 0.32661238758674377	-0.8481249384832437
 0.08088222877107505	-0.8361173745236796	 0.5425548830198217
-0.3460859839276337	 0.31420607481398277	-0.8840243403203509
 0.589693045876644	 0.7940890751596678	 0.14725709611692728
-0.4808704747609614	 0.7464467812623087	 0.45997911827202187
 0.026180949689708778	 0.3993481094237085	 0.9164254718050207
 0.9901496903418227	-0.12855893321536005	-0.05546342404252802
 0.3638881119746529	 0.10343241515943286	-0.925682006662012
 0.8911578859753619	 0.4452413409172325	 0.08716519145936985
 0.3071244179879664	 0.23702426531249757	-0.9216800364164472
-0.11613558928481371	 0.7545720719024037	 0.6458587409073153
-0.4683026232903102	 0.6431283562750976	 0.605870093645746
 0.6423689975882735	 0.6244640789433136	-0.4443047209370117
 0.7129186021287531	 0.2987411816370561	 0.6344294863362516
-0.64487454165693	-0.199866992292987	 0.7376923551959309
 0.30218065429996827	 0.27198220903787074	 0.9136260340717766
-0.5667399824298566	 0.2436309481816379	 0.7870513029044053
 0.7822221333871261	-0.013734759360311752	 0.6228482081732334
 0.3063231707994523	-0.7757689448594882	-0.5516780394604865
 0.4685134836688113	-0.34288155150333677	 0.8142035109597472
 0.9963578615032885	 0.0852446154942935	-0.0020898205243091716
-0.4703428369615194	 0.6074901876402745	-0.6401041224986554
 0.5650485322312363	 0.08886036135429162	-0.8202584912107342
-0.7754587362377137	 0.30158154289734623	 0.5547182360228156
-0.20456002644400262	-0.9625736427634665	 0.17778407644752514
-0.7581289001988597	-0.5942642594659807	 0.26849685399389145
-0.8644001714734326	 0.4306494018681622	 0.25952540574536176
-0.8902134529533638	-0.2179245990057313	-0.4000360950327362
-0.2526653875174503	-0.5251873681030493	-0.8126121032421612
-0.30850789251171773	 0.6969903365084827	-0.647323219938672
-0.14770433290334276	 0.6677965538236849	-0.7295417690186004
-0.1454816564798662	 0.9308319763075086	 0.33524158380387714
-0.08614161889389031	 0.16090953780777412	-0.983202798072111
-0.5396192362739987	-0.6901126319033387	 0.48224022554170376
-0.07013778693602926	-0.9649169435104037	-0.2530137999601141
 0.41891225931423426	 0.11195029864370362	-0.9010991341854842
-0.0015375574513693882	 0.9701605864926796	 0.2424583929940638
-0.18215502357284916	 0.49718366972936906	-0.8483088741381952
-0.794303476478305	-0.3012822908787076	 0.527551863286783
 0.8784313592643227	 0.13413900334671566	 0.45865572583603953
-0.6945773869806073	 0.6842715955773273	 0.2221140179755663
-0.3806632052508828	 0.9165584044284462	-0.12254066851337608
 0.8451479300790806	-0.29139248122066413	-0.4481243110690496
 0.457217512167562	 0.2473598832393062	-0.8542629775023276
 0.046665132593272304	 0.9966808494592589	 0.06670569481852451
 0.43164873433223316	 0.09045479131816614	 0.8974950144022908
 0.030873541355527723	-0.7935247857292649	-0.6077542586255509
 0.3622791828585207	 0.7443755508108745	 0.5609445899751329
-0.3390622754532266	 0.9380289459195351	-0.07168312201324722
-0.666191619389657	 0.6651477933142543	 0.33729384711874655
-0.19140849277246982	-0.6959395404118199	-0.6921206144783989
 0.3814854245743175	-0.5627457965238913	-0.7333389661896086
-0.7312627274945247	-0.22699111166169858	 0.6432183599710559
 0.5228931224730663	 0.6856575788042595	 0.5064153108848977
-0.45830925128071637	-0.019361809454994643	-0.8885818760953532
-0.04905448353244923	 0.782186867178416	-0.6211097829361407
 0.6742349518836447	-0.6877527692208296	 0.2690787209861454
 0.6437171123492622	-0.5701542973199394	-0.5104432941241694
 0.7344233810674591	-0.23524088407336202	 0.636619214131827
 0.6644940974938303	-0.17456954524175647	-0.7266175529602532
 0.8276737716666372	 0.08052561062247955	 0.5554023350049944
-0.18875318134083194	-0.9338657909202374	-0.30375470544937166
-0.3298546427429608	 0.2730070348170703	-0.9036941261296905
-0.28179831152833107	 0.8307240943378742	-0.4800908150613803
 0.44830665901250255	-0.11648589056232753	 0.8862573987194404
 0.8404024999791287	 0.27537578385508676	-0.4667888341584734
 0.2364988553186791	 0.41113507528462123	-0.8803614265196218
 0.5484195505589757	 0.6374040873244841	-0.5412504282000457
 0.7365448294068063	 0.6220412252565324	-0.265643423324295
 0.36396815308683106	 0.3491269131494911	 0.8635030874601832
 0.4957622032527847	-0.42426818913057296	 0.757770639123613
-0.4843498187537755	 0.8088357793474966	 0.33345154838523805
-0.2936760492917751	-0.9414599013995891	 0.16555250565621438
 0.003207842793596415	-0.8120423507415264	-0.5835896934891733
-0.4157518503079279	-0.509966093995523	-0.7530504511256093
 0.5520458723832775	 0.5726465507767027	-0.606070361153003
 0.46946738250320263	 0.7695940391051319	 0.4328110346784615
 0.3198714546200131	-0.9286727401572825	-0.187747687623687
-0.561386418296792	-0.12455039649393512	 0.818127427779501
-0.8205489468396329	 0.5596737266720768	-0.1160376900552531
-0.5873094132620977	 0.11412740381630865	-0.8012756010211965
 0.28615999958132365	 0.7185277770712546	-0.6339008504621666
 0.4478700911174133	 0.6055049139521834	-0.657857264657189
-0.8426119679067645	 0.427758187440995	 0.3271513481822814
-0.34877890059436945	-0.7405733910897758	-0.5743729893631602
-0.7067860124649277	 0.2398829421144432	-0.6655146179209332
 0.09029323235453868	-0.4254539833829228	-0.9004643469980214
-0.18551710682927217	-0.1254934558085301	-0.9745946827388958
 0.43175653881068377	 0.7315732035797602	-0.5276238612859214
 0.1986432128680407	 0.6073749327738008	 0.7691791501461043
-0.6615190148581492	-0.5245575938857893	-0.5359402239782485
 0.03756031955122307	 0.9822064326958144	 0.1840101789743509
-0.08504371521997323	 0.89550020799953	 0.4368603254752972
 0.7361940651890069	 0.21392734602643365	 0.6420696138290387
 0.8920067931733742	 0.399728598432283	-0.21104721871637122
-0.7025091767361152	-0.4161109979863746	 0.5773495422673589
-0.44731677732002756	 0.5350191413284826	-0.7167023225441356
-0.3535153717372581	-0.8430962267648495	 0.40523528271899245
 0.2841751105401479	 0.6387954919528867	-0.7149719057488653
-0.1163600941772834	 0.9786652223938777	 0.1693360887696289
-0.7911742996682184	-0.5756337182666191	-0.20661328596934636
-0.49958440834302575	 0.792523760344016	-0.349744918806163
-0.5046226155579929	-0.26904047752923455	-0.8203494604851347
 0.15350684864982517	 0.7831263242240003	 0.6026182935532289
 0.09086086861027573	-0.9886523934568942	-0.11962753640922608
-0.17561001912040103	-0.9839770881052031	 0.030825497052565876
-0.21247034808200066	 0.2461439061302318	 0.9456582515162997
-0.4693901348023675	-0.8825020797204504	-0.02937653211825908
 0.9465440400523186	 0.10475990108333431	 0.30508973002453676
 0.18330752190581057	 0.4232943047384213	-0.8872543513495819
 0.0070222409932735085	 0.457283275342032	 0.8892933679185377
-0.5142231303023013	-0.34204029426818816	 0.7865004827455822
-0.9355316862750213	-0.11772974340764943	 0.3330468007541645
 0.15308509796659744	-0.9365522128244026	 0.3153330072070988
-0.9766838860849029	 0.1820413085105651	-0.11379608366659055
 0.6703554888323768	-0.4833501539967519	 0.5630241089186336
 0.5306689460285058	 0.7617712426794366	 0.37161141471653125
-0.21706072459013584	 0.8941370750506493	-0.39166763060058285
-0.8237393992389345	 0.35079072384539034	-0.44542032980714574
 0.19818108712833216	 0.3447799581784751	 0.9175244068378134
 0.5158117411468508	-0.8473316740753144	 0.12636171019648068
-0.8055444872400942	-0.5784604653467369	 0.12838056359095096
 0.44882258513577034	 0.6084479009328306	 0.6544841013519553
-0.10754498178864944	-0.9170075946846867	-0.38409783673262776
 0.3070849280377721	 0.6613506003985886	-0.6843348817095785
 0.532290556541129	-0.7569400444966508	 0.3790890824787012
 0.4683012912417055	-0.8835654593390078	 0.0024453393219785458
-0.6821043869573624	 0.5603808501054562	 0.469794538206445
-0.8427068011068911	 0.23873368317663612	 0.4825468639263011
 0.021009110579231736	 0.9836597243391036	 0.1788076172476667
-0.21309905583943173	 0.6913614370486065	 0.6903681306103493
 0.7028157619822117	 0.5050714450732736	 0.500951933902803
 0.6869337099613062	 0.7244742535813127	-0.057088825671893106
-0.16871246521971472	-0.10673508138672878	-0.9798692394808886
 0.4301292552359294	 0.09428834105066915	 0.8978299017810096
-0.5855465803709083	 0.7581749898585735	 0.28689002591391644
-0.7546638378111175	 0.2853267744295739	-0.5908224129921025
-0.02569214333638798	-0.9996563257595116	 0.005210003817261999
 0.3987381970620188	-0.08435308545507486	-0.9131770951890654
 0.3612875215772058	 0.9272774076186088	-0.09812204682288583
 0.14273055970172743	-0.7270311303971442	-0.6716053325880327
-0.06795092906325487	-0.191867946107417	-0.9790655557703793
-0.8214224987827207	 0.5548355115573864	-0.13199482417278596
 0.7470887148877209	-0.20391836094185162	-0.6326734972781793
 0.3344693012427101	-0.7818840644904134	-0.5261060693644999
 0.620108786572007	-0.3878118500456084	-0.681958255159651
-0.19445860866175246	-0.7141151133530598	-0.6724771032519117
-0.08449284175358528	 0.2085168520054041	-0.9743621924737023
-0.32056203034526914	-0.4572671865072428	 0.8295460836172208
 0.6964249424776655	 0.6999699743733359	 0.15822242088519523
-0.42584370330828264	-0.1220019779757682	-0.8965336902329368
 0.8089144930269508	 0.5328646529478865	-0.2484202177957333
-0.7196250035981757	-0.007942674535189258	-0.6943174836611519
 0.22391523280797332	-0.6850000780170599	 0.6932797859689643
 0.03305788643125962	-0.03083475454861668	-0.9989776744535508
 0.80628017096101	 0.08931069026865347	-0.5847528422494592
-0.8807495610037376	-0.34375992506084924	 0.3257442627489897
 0.33985246167055616	-0.5799105699881727	 0.7404080193463978
 0.8808583953228354	 0.1858171687559873	 0.4353854237164909
-0.5289415623154391	 0.677816074197258	 0.5106722953275611
 0.6355123177703159	 0.751462688155393	-0.17727922120900552
-0.3284196817593917	 0.7145962682308813	 0.6176509419272007
-0.7544779837177226	 0.4149467751934213	-0.5085097303315054
 0.9211966462803589	 0.13708885551580632	 0.36414747640919565
-0.04376508933092641	 0.9478964240924329	-0.315558213565476
-0.5387516906674751	 0.46334447382192345	 0.7036039471049194
 0.29722389126455734	-0.346728170069271	 0.8896277505462435
 0.12276378327060834	-0.9788455392238423	-0.1636779272188904
 0.39414215462618274	 0.8998688030601344	 0.18678356251488304
-0.9688487851426005	 0.21955364081051182	-0.11457848984235985
-0.7149990338066509	-0.2673020893122559	 0.6460077203136652
-0.2532570843020167	 0.2588104760849564	 0.9321362490105829
-0.4130671903501771	-0.7895522903606969	 0.45385314479728844
-0.8061533742142591	 0.19344203244356675	 0.5591930948492361
 0.8619027378648191	 0.42097676733086953	-0.28266982829580534
 0.9499013252843714	 0.20870901877133574	 0.23265428796070142
 0.6474398827559951	-0.5885234477777717	 0.4842125046223691
-0.16407515269093914	-0.9234956668367813	 0.3467493296361708
 0.813418455833405	-0.011143213019066827	-0.5815722177969052
-0.673144319072002	 0.5964772163011135	-0.43714031629988725
 0.14869728042225117	 0.6050159112105653	 0.7822051303699533
 0.025249993777364844	-0.5899591675765373	-0.8070381765484469
 0.8297473837848492	 0.5494757444919621	-0.09795756896331276
 0.2307985661614452	-0.9541657069210457	-0.19052513113414205
-0.9504017577441577	-0.2809416293919656	 0.13344774164969175
 0.10129729643855975	 0.06984069793285659	-0.9924017002436514
 0.7985031701725629	 0.3195096039027279	-0.5102022150464351
 0.6151129616959237	-0.7279472488160025	 0.30286770592930856
-0.5006379956069936	-0.6570946041639392	 0.5635497125660238
 0.1518830419536564	-0.8616715729462936	-0.4842041325135136
-0.16363641025314687	 0.4893998191463166	-0.8565692863154832
-0.5776433773301061	 0.4559099450704329	 0.6771072666960114
-0.08749154605687169	-0.17384988724799766	-0.9808778955978348
-0.23689653099889632	 0.8439856787480855	 0.481215344382141
-0.056342630018066005	 0.49800090293034166	 0.865344214011518
 0.6921213976795304	 0.36578066774748635	 0.6222318490533383
 0.8159167545662374	 0.5461070782132841	-0.18986023476085823
 0.25222231530235184	 0.05785310276105684	 0.9659383635431609
-0.12474542704049374	 0.7202027561767271	-0.6824562758359913
-0.023080570152882528	-0.8300515316854927	-0.5572088854531891
-0.8075105689763722	 0.4727755475430442	 0.3527179647208667
-0.5837277972496966	-0.18251461168899322	 0.7911701935980862
 0.7150872410072711	-0.5365894252025097	 0.4480201184204222
 0.9741595768863262	 0.15605929746933686	-0.16327465949751985
-0.6033406068096202	-0.2748245444420145	-0.748633142431484
 0.6823712646100553	 0.7180171443830916	-0.1371890578961179
-0.10809452152092129	 0.8028069657011764	-0.5863587214656516
-0.4949780397569124	-0.3179494321233793	 0.8086438639913278
 0.48106116591115144	-0.8373119361260846	 0.25978621263067714
-0.7422142456896661	-0.47371031153736803	-0.4740427768023576
 0.8065788005057895	-0.054434165428381996	 0.5886149507180032
-0.4620143229030002	 0.17990185551054821	-0.8684342737457706
-0.7308221548946023	-0.6637278250536495	 0.15926189803202107
 0.13854194064675546	 0.7783162039919631	 0.6123969442162263
-0.22901761624137285	 0.22278367716228858	 0.9475855447616159
 0.48243075597902957	-0.48588945486430923	-0.7288154796223572
-0.41227927001228354	-0.09326050677267157	-0.9062716377525246
-0.05269211726417935	 0.7539285003418651	-0.6548399477356923
-0.28835627177331313	 0.7360597120371133	 0.6124269432714706
 0.8204419693197637	 0.5403800088332578	 0.18672016771649558
-0.8812761743935935	-0.25080998438887975	 0.40055793111239524
-0.5653407322022482	 0.3104963277826646	 0.7641870758829319
 0.4467160511821731	-0.27366201936160567	 0.8517944991458528
-0.7997632496152232	-0.5952815470707388	-0.0775797930002784
 0.6263707834169491	 0.5772615410142882	-0.5238594801542169
-0.12818074699536816	 0.9782938733462893	-0.16282135447423363
 0.1306762738196273	-0.9375066960599757	 0.3224979167426143
 0.4407748655436549	-0.6709924684667056	-0.5962269913094593
-0.2639707257264796	-0.9215608161762174	-0.28468424271121795
-0.38151243389562145	-0.09285701253242457	 0.9196879025009475
-0.5394898646743772	-0.01984571465180231	 0.8417581799564418
-0.1328569669825555	-0.7503908487490808	-0.6475049037944269
 0.9398927773529879	-0.33547176543066115	 0.06372018266234081
-0.548185686903042	-0.4107952576813874	 0.7285188459752585
 0.3598552810973626	-0.8004183910537525	 0.4794106547932162
 0.670755301773603	-0.1039646877188991	 0.7343559551403629
-0.5017095747922172	 0.3783882598262222	-0.7778880558200492
 0.06884289216220343	-0.8675896047830328	 0.49249257240202504
-0.7485395380590149	 0.6103661804913335	 0.25911712732819825
-0.9216234698381329	-0.17557369048020863	-0.3460983372607851
 0.05389316613602105	-0.9976741276963812	 0.04173561511587032
 0.7743552946781197	 0.30323925995253487	-0.5553555877340224
 0.014402982051869179	 0.6698562406929152	-0.7423511102657345
-0.30629993322010923	 0.9455418253250384	 0.11014085286736708
 0.4073638268829608	-0.9008983722655353	 0.1497893033449933
-0.23307345481840164	-0.9183309558807583	 0.31991408241924435
-0.6673017450632502	 0.42918210570964327	-0.6086962306226131
 0.7243196291150611	 0.4442560517484664	 0.5272548106594044
-0.5390733985184262	-0.5283361234761984	-0.65594268929529
-0.9651745351474792	 0.2606467610329185	 0.022391575779657114
 0.9424816067788336	 0.0915352770133159	-0.32148050321237753
-0.8761262867063985	-0.08574584979494933	 0.4743947501659347
-0.450853304263582	-0.404328931410124	 0.7957696986310532
-0.35416656611617675	 0.3331765690998309	-0.873818869817047
 0.20776400985123394	 0.9408221629127397	 0.26774572635754756
 0.4399979332335777	 0.7534217263304261	 0.48862820328288503
-0.26055126841755666	-0.8785869097268724	-0.40024752164452804
 0.9036209875910368	-0.20888620232743088	 0.373946072665863
-0.1959904050695212	 0.021839640950796494	-0.9803625814992254
-0.5488538627897324	 0.725571071707633	 0.41509764779124736
-0.6960096766534897	-0.1007437906037663	 0.7109298268180124
-0.5468382900893345	 0.00836603521562836	 0.8371964488379915
 0.3281088258732078	 0.942234662482625	-0.06736793896475346
 0.2716214827801768	 0.9457146585554582	 0.17845322828582066
-0.4093533410213434	 0.42708799697155037	 0.8062417038565375
 0.38594698736462085	 0.1917037817050148	 0.9023827253577992
-0.44939578805712643	-0.3994989762649039	-0.799026904202736
 0.7944119150562795	-0.09196039789727854	-0.600377376685022
-0.4279996550575269	-0.16298629790814836	-0.8889610576199805
 0.0592888551496094	-0.9656105173129252	-0.25314256953288927
-0.49544162787914037	-0.32448683847074516	-0.8057579568479161
 0.18496630004077877	-0.6081396347328905	 0.7719803446436775
 0.4252887900197582	 0.536341239899389	 0.7290181887077414
-0.05397529301154442	-0.8455049769363677	-0.531232530743506
-0.2888042765844647	-0.43562766278625764	-0.8525377582499831
 0.30650550914217883	 0.729903790749409	 0.6109785831885899
-0.3980954657507393	 0.7593040039880784	 0.5147595843462986
-0.8276353943432248	 0.16988003348878697	 0.5349396491681875
-0.44491200844913276	 0.8830647743566897	-0.1491640339630418
 0.36638000245997726	 0.7901816013430593	 0.4913030945316197
 0.9596941393046717	-0.2796553369090962	 0.027929402473471976
 0.5928922537781747	 0.7515682394831521	-0.2891780711084988
-0.05608495628371955	-0.9901640388347976	 0.12817821139731422
 0.3778569600341329	-0.8417392323867696	 0.3856153295898592
 0.6277959809052301	-0.4857493478739726	 0.6082103068834417
 0.924954238458971	 0.35470518959875935	 0.1365426132329881
 0.7769835525711619	 0.16727179578305895	-0.6068910160559366
-0.10450333727958942	 0.9701249196382419	 0.2189444970633494
-0.08956767348696446	 0.9898853013665512	 0.11002146156357262
-0.7479229072701885	-0.5986056058671653	-0.2868495309476955
 0.3679887752338008	-0.05936814246735471	-0.9279330174974394
 0.664538501780995	 0.00823165147767726	-0.7472086854183513
-0.019252492472603355	-0.7475658688589784	-0.6639085880230147
 0.8726719860484285	 0.1548676383572591	 0.46309785073560494
 0.4431918557904246	-0.8775056295360021	 0.183207120750434
-0.28452637847061096	-0.5474351208998265	-0.7869939824165053
-0.7032617082972243	 0.053092551570013885	 0.7089458023083677
 0.5611221678928625	 0.8272237861244067	 0.029029646384622687
-0.5006425120834119	 0.09662734947151282	 0.8602442853218619
-0.5919441075472036	-0.685131445647552	-0.42449626114377037
-0.40937389773713295	 0.885600698585078	 0.2193727752414354
 0.0038641013420484746	-0.22243401847815544	 0.9749400884897892
 0.2271060924430763	 0.9676029291834172	 0.11030591194903372
-0.2225576795646847	 0.9719432345508381	-0.07612114080620236
-0.11228405741075934	 0.9751608373269106	 0.1909283420429133
 0.20830352459647428	 0.9765856102639063	 0.05376046378296828
 0.4132333710742434	-0.6894815481023241	 0.5948557605479157
-0.39250389786466594	-0.46596265252071517	 0.7929813973964983
-0.2937725569399688	-0.32329173686793544	 0.8995444056086761
-0.2969663377251328	-0.9490486665271991	 0.10544013856718704
 0.22839090304593773	-0.9332582295994476	-0.2772483945684192
 0.20442930944845877	-0.35428729435787404	 0.9125180384491056
 0.8148992134746924	 0.4069633538547476	-0.41269855887514706
 0.9567026179161771	-0.14836202468355614	-0.2504172727751204
-0.3689840435638605	-0.38816499957510825	 0.8444990874477718
-0.6680330914648985	 0.11456031853557096	-0.7352603090911947
-0.9927368635052511	 0.07918639756468317	-0.09057060383194981
-0.8099061266542893	-0.2366518654149743	 0.5367009973937622
 0.49181737774753714	 0.24070886411895528	 0.8367645485320818
 0.49125664682434494	-0.03580220920237306	 0.870278753484842
-0.5177481234594711	-0.5604472989525671	-0.6464021238756632
 0.6265328543122443	-0.7281875804914613	-0.2778478542032383
-0.019860414431289396	 0.499287090953784	 0.8662089613629758
-0.9062967466544568	 0.3131817079488503	-0.2838017350366069
 0.0044487428341833	-0.74184247615663	 0.6705594300708888
-0.4045393852290499	-0.6190083698568606	-0.6731838707557205
 0.7604576983049328	 0.5278233076615991	-0.3782943893027395
-0.6684452792587695	 0.07151372221117748	 0.7403152680933767
-0.3631615284128635	-0.9204069135348043	-0.14479232644780637
-0.25725242596107284	-0.7163554694914028	 0.6485800109985618
 0.31743509607780857	-0.5028040712231224	 0.8040043692291265
-0.10847608134973911	 0.6915482433227862	-0.7141386188494312
 0.1414041054324194	 0.948672603815604	-0.28288720320399663
-0.9889143827767102	-0.09827737598309731	-0.11130993175469728
 0.2414618967150885	 0.48917473979693776	-0.8380955950124964
-0.01041954879979632	-0.339516250683638	 0.940542475662069
-0.6010735320201693	-0.5502521166191766	 0.5795974613996464
 0.31937305987235065	-0.09390368014238118	-0.9429649768063972
-0.9669995934616205	-0.2154422888657949	-0.1360014941584402
-0.47713735543726865	 0.3002729342258159	-0.8259395310903506
-0.7947244450490772	-0.5890464676846163	 0.14641487407265852
-0.5702757609028978	 0.041151896172571416	 0.8204218902296689
-0.7090292243348403	 0.502197363743701	 0.49505087303024875
-0.6827500173401044	-0.24553775731991387	 0.6881595916300187
-0.18067356656895364	 0.3345181780229061	-0.924907914830168
-0.17971863120836284	-0.8706442596116123	 0.45790805496512044
 0.30631319985349637	-0.7880941264446752	-0.5339287138363287
-0.25731189372599417	-0.3686169148075206	 0.8932592901643552
 0.7047195806605313	-0.0880665769607874	-0.7039989990447819
-0.798877208082662	-0.13012110039342134	 0.5872509732971554
-0.2182467432859639	 0.4364613344458397	-0.8728515696146897
 0.1650745284571314	 0.8896620464480006	 0.4257368238297121
 0.7582881075929846	 0.2127754399783409	 0.6162189205347997
-0.08548697131422898	-0.5563498958576223	 0.8265390318156385
 0.42886026461769483	 0.8231752907486762	 0.3721039023349164
-0.9868951902197681	-0.10796612079272823	 0.1199216422588425
-0.9355077093509402	 0.01967793291770902	-0.35275785561918105
 0.025410694969706413	 0.3262707425284219	-0.94493475920357
-0.6346117311149397	 0.772457432841976	 0.02403050516496763
 0.14186884276687886	-0.9263730690115841	 0.348864111742732
-0.6740960150988654	 0.6181155957996254	-0.4043855495156874
 0.6667869830736982	 0.48887254174370753	-0.562493339633922
 0.43475352160606406	-0.43088510759644033	 0.7907764535586082
 0.3778802622440356	-0.3622192861647461	-0.8520585051137513
-0.9967549588727963	-0.06709859004708398	-0.044467192132894295
 0.3331730012432492	-0.3500634051235465	 0.8754720804433878
-0.7944933997138979	 0.6020545837484245	 0.0794387562752834
-0.3993877304311985	-0.9160998409026322	 0.03536272443107569
-0.21362334674189326	 0.9091503308011737	-0.3575062820859365
 0.2781892746282617	 0.9591988669823139	 0.05048030370002654
 0.8516185487040244	 0.253241557552515	 0.4589276206893931
-0.24448119764710108	 0.2231152032286321	 0.943635814329493
 0.6924673380646091	-0.6050393176111712	-0.3929585345279101
-0.4138182684530186	-0.8670122197397802	-0.27756846275548774
 0.26397889065358915	 0.2146726816486308	-0.9403354640994277
-0.8187519913642581	-0.5464873276153587	 0.17605901678950042
-0.16017960022530142	 0.8312520442676664	-0.532318076503596
 0.5022101632625297	 0.6653400635960485	-0.5523654150015453
 0.31328421475725254	-0.9008545924744439	-0.30052288432270036
 0.6790910040168515	 0.7069299244896529	-0.1977005061309609
 0.34905468300802556	-0.4913192254457737	-0.7979763448734127
 0.3626609235390327	 0.850725124043688	 0.3804521229519786
-0.9861739490585293	 0.1638544179370186	 0.024752210423031107
-0.7301765002721707	-0.3396125456909583	-0.592879074735811
-0.7807509477704209	-0.2672805058052766	-0.5647911904164804
-0.8561149420853588	 0.4037069625245126	 0.3226265555521035
 0.36141010696689013	-0.8133438624894528	 0.4559106227463001
 0.6726345556869139	 0.6265631543422245	-0.39367673047386176