-0.5191917794596212	 0.4885404583457378	 0.7012618032524577
-0.8074783317382591	-0.056270800238328866	 0.5872072383867013
-0.13374235683709343	-0.9791013108980199	 0.15321098193484273
-0.1848085273038111	-0.4583064076830273	 0.8693681871983097
 0.3630020352927871	-0.653709651033181	-0.6639979024962134
 0.002647282278089377	-0.9264483750256644	-0.37641254005259456
-0.3983354049955478	-0.7820745778261903	-0.47925803054828325
 0.4491280671590474	-0.7504364066043359	-0.48490120533233366
-0.6371924936356663	-0.481008180778323	 0.6021767648113714
 0.4891263824236022	-0.8337074432981322	 0.25629530039876236
-0.2898052675895814	 0.004211740213391667	 0.9570763648328726
-0.9306400964463328	-0.29403712248854696	-0.2178329210312705
-0.030255911040487905	-0.9890684161025198	-0.14431995051122568
-0.33693423548085366	 0.5203087657038068	 0.7847000122930505
-0.9540502319728444	-0.1779105949494424	-0.24111402920049502
-0.24459716418070326	-0.3571626161579682	 0.9014472213579418
-0.3906943013492338	-0.06888359577468174	 0.9179395476426454
-0.37157728899998776	-0.6677424035916195	 0.6450196901995369
-0.9557901960707527	-0.21755066820875593	 0.19783025010588257
 0.5660437041834738	-0.8240628511429872	 0.022692340565553717
 0.26354248944528486	-0.8194441345355823	 0.5089760963269422
-0.9632284815778482	-0.06025596652799097	-0.26183985711692326
-0.34772195196260747	-0.934406792277409	-0.07728771357180535
 0.021289064689665405	-0.9387299180297454	 0.34399551845991655
 0.8207678418939918	-0.5310482343769546	-0.21054197319726597
-0.13662315704308273	-0.989826208369282	 0.03972644188537445
-0.8943001581622197	-0.4405364583066442	-0.0784528904098958
 0.6603551924695268	-0.1723039769597298	 0.730918845907256
 0.43125141878496337	-0.0359406460127666	 0.9015156591874272
 0.1869062067362003	-0.9766198961221916	-0.10620568902730416
-0.13148173424773912	-0.9689401981399297	-0.20944556807858408
-0.7729929688258044	-0.5936980873366976	-0.2236167508005961
-0.5214053337874789	-0.8313017271608776	 0.19254588107074483
 0.721383843734075	-0.5236278406519652	 0.4532319875004542
-0.09747880785105244	-0.8933027771289268	-0.43875737075710153
 0.9068088307804224	-0.3206281920477059	 0.27367006939536315
-0.9965652676841882	 0.06240074613165802	 0.05444092328161761
 0.7839958642907121	-0.030839557963565366	 0.6199995213221308
-0.2446168831967916	-0.9643352259117327	 0.10109476999753696
-0.9158059317543896	 0.17284047373438405	 0.3625267797042698
 0.6355121703696771	 0.029270133062374658	 0.7715358323645983
 0.5355266030093008	-0.002122269801769992	 0.8445156916483005
-0.733600745381313	-0.1152246183776446	 0.6697411691808323
-0.6816993431018473	-0.5354398653258357	 0.4985881629505068
 0.13714493597883456	-0.7025285444474137	 0.6983157672371143
-0.35638038248745985	-0.3160663414564217	 0.8792582617049693
-0.2805897256889419	-0.2333833252696402	 0.9310218200041769
 0.7255472236354237	-0.5532562355692737	-0.4092539115007268
 0.803539172709824	-0.4944915871286243	-0.33136515836736014
 0.4057328288547145	-0.8998178776698472	-0.16033919862367688
-0.3481882376361477	-0.9362248788674774	 0.047412312339841264
-0.8922414516483579	-0.4083054784505495	-0.19285182972349224
 0.7272277430409475	-0.6827657157004895	 0.07050380993654269
-0.2314366211079704	-0.9354279830644825	-0.26722944993028036
-0.4982661540046887	-0.8065638435834723	 0.3180968500272077
-0.7658038715054907	-0.4745777444039794	 0.4339589783650449
-0.6125646498250125	-0.7785411865314606	 0.13652168567281037
-0.5332905622220419	-0.8433502101592876	 0.06604240508328181
-0.5472195438784674	-0.4611702001905463	-0.6984789311451374
-0.9903039593535057	-0.1360310766052854	-0.028171160543668135
-0.38704843434806824	 0.17508885584629388	 0.9052830507786748
 0.5178369357127213	-0.32874764754304747	 0.7897910434074138
 0.7999163990131022	-0.4320071998620187	 0.4165375539579708
-0.6248407835207521	 0.4152438022886666	 0.6611706133140095
-0.9249058057715867	-0.13389369238930277	-0.3558394716559291
 0.3146534170273524	-0.5884358446253487	 0.7448063398716902
-0.5351121684470829	-0.8244119312718147	-0.1843907122295964
 0.007270983034565131	-0.5510269096712491	 0.8344557972857906
-0.8727896514214741	 0.12045548926495583	 0.4729996823228554
 0.26318825183826944	 0.1416701816375913	 0.9542858605937152
-0.48938027166105713	 0.1013201613745983	 0.866164634817178
 0.23976884830211664	-0.3165642340367356	 0.9177679364156343
-0.7745869316489902	-0.6236574654501661	-0.10519720104108188
-0.7597954829084479	-0.6334882100336925	 0.14629939131871558
-0.13047411201905149	 0.5313073820308534	 0.8370716647291085
-0.4842409390408542	-0.14434145066359613	 0.8629462663324758
-0.11900382949280021	-0.7076969659715865	 0.6964216344432874
-0.8695018020811056	-0.30375485615148534	 0.3894863329336476
 0.49041026434229984	 0.31487753994566225	 0.8126191650862558
-0.021284138044041636	-0.9908245750183592	 0.13346777516468258
 0.17113769354338315	-0.22590279197868104	 0.958999383954384
 0.12979882062337944	-0.53560032216386	 0.8344366728894105
 0.4232291022561854	-0.8898817349520819	 0.17025752494998883
 0.20801408704139107	-0.1058137736645244	 0.9723855124873104
 0.6675019780221801	-0.6478295225839187	-0.3670940192991015
 0.08772679426363525	-0.1379120802102813	 0.9865517055381835
 0.18770206801885442	-0.9558072196944918	 0.22627525812896754
-0.8498960693437462	-0.32394135811355745	-0.41561841611939454
-0.9159873729157813	-0.06324509653375963	 0.3961908510090573
-0.586384399650145	-0.41717477588715346	 0.694347565856209
 0.8560515225276826	-0.010836166335410645	 0.5167769037768501
 0.2873348140729372	 0.37103320567421316	 0.8830476005905842
-0.42020292310379626	-0.8288109308717692	-0.3694616952844996
 0.07976293616295849	 0.5199628693947603	 0.8504566352645098
-0.17302836520098108	-0.2733970874325158	 0.9462109793377443
 0.5949732411948591	-0.7723809577871636	 0.22233870178146697
 0.9467092222731515	-0.20873980789118207	 0.2452943967246647
-0.6270571097378899	-0.6381308856220749	 0.4467531241551095
 0.04803604678286177	 0.18585376733393344	 0.9814025246438176
-0.9686008669087035	-0.2157834794759494	-0.12349028548416505
 0.23718837263912967	-0.9653195664266404	 0.10908625284005588
-0.680959522845115	-0.7027570203492741	 0.20597742254034393
-0.4237289167643941	-0.39366559859705524	 0.8157703117783188
 0.8693982928907765	-0.4261500718249804	-0.25008543460619137
-0.5883632875909633	-0.588270185026208	 0.5547673667623072
-0.9440140160463462	-0.3065531439233456	 0.12191270425497822
 0.8636682675240865	-0.3273341402741394	 0.38331381958250976
 0.3941810355762057	 0.3984203958983214	 0.8281802335991212
-0.3602131022639123	-0.63559650379109	-0.682834976642198
 0.17612040546795418	 0.33922884077407295	 0.9240700170251614
-0.05619680166239749	-0.6351357085144133	 0.7703535235544858
-0.4370901038518423	-0.8912123477650215	 0.1212138288560512
 0.7053207785159953	-0.25765168168346614	 0.6604076092227227
 0.11703450475039721	-0.9835523973741469	 0.1375776374175599
-0.3926575524037542	 0.05352841325009396	 0.9181256752292795
-0.11524132354402	-0.3708298867726427	 0.9215229961449749
-0.3516452441026282	 0.40756543327558875	 0.8427550295897882
 0.5167649575084786	-0.7998119665215583	-0.3053764838689744
-0.8131261312651629	-0.4409912756976893	-0.379937612526417
 0.4367662034609664	-0.8200672312667173	 0.3697634645511022
-0.20486314092221472	-0.9208226331578793	 0.3318384723863019
 0.65615782706151	-0.393905657787721	 0.6436577030912783
-0.4462715156607872	-0.8948734975668321	-0.006569449164816557
-0.5928209422277895	 0.5188082150917301	 0.6159556529568415
-0.8414062491732517	-0.4061431352984878	 0.35648741562938024
-0.2177325856488783	-0.9497870560842271	 0.22471552959577923
 0.073067624970246	-0.6302406897118814	 0.7729539411974684
-0.19349399911473522	-0.8475660642080272	-0.49415770671871695
 0.05265313991304523	-0.9706227746418955	 0.23477452204991434
-0.4759213365296928	-0.5516182102410515	-0.6849935996534933
 0.9550170044600045	-0.29362653195008553	 0.04154492661210568
-0.9823520482709167	 0.18291274056012666	 0.03908174252408111
-0.9457643422689573	-0.13240099920957676	 0.2966475759227978
-0.3172654569481932	-0.9019429089351414	 0.2929874039085463
-0.24555652441044648	-0.9691504776096433	-0.021197760930395774
-0.03697733182183616	-0.8915909212928745	 0.45132948718143917
-0.5077967398868961	-0.7550774953523143	-0.41472936593966386
 0.6934940644991995	-0.6148900538063009	 0.37546798030519807
-0.761026840676647	-0.554313905477908	-0.33700777730424863
 0.3230825850435161	-0.856996933665268	 0.40146469200905743
-0.0823641801916059	 0.005379294569594364	 0.9965877808860082
-0.6065748961599704	-0.7115823203266974	-0.3545666323090692
 0.5028530380623915	-0.12408725267256002	 0.8554187137511077
 0.3525720956539655	-0.2832083865671259	 0.8919001777913357
-0.2856762636003366	-0.7900814094621322	-0.5423655951825131
-0.9136541179566989	 0.3391268972566853	 0.22411849610824264
-0.8729427918127423	-0.2047024840248297	-0.4427954101571514
 0.30834019596421053	-0.9300969180865655	 0.19961474524349473
 0.9118430946977629	-0.403369913620607	 0.07638640872374147
 0.049664803571648576	-0.24326987451651197	 0.9686863142622125
 0.4619960933979727	-0.8854057280543992	 0.051149842751184414
-0.28302238731788343	-0.8667071246195347	 0.4107518574646067
-0.8779283805757263	-0.3687503062121942	-0.30539314047321975
-0.735724350114485	 0.24650245914986224	 0.6308297855061136
 0.6341996602857534	-0.765765048358576	 0.10674587395221882
 0.7446858547986042	 0.17061122747842372	 0.6452401000566982
-0.5248597560150599	-0.7953955968416924	-0.3030974777867015
 0.7505822365968687	-0.14386210713407016	 0.6449263525676303
-0.9987895553886352	-0.01685466696110297	-0.04620978519970656
-0.6497987286094588	-0.5650567094250571	-0.5084019349208433
-0.4625703050207717	 0.33763588446449144	 0.8197747998291184
 0.3130379921409557	-0.9157052366159508	-0.25197447313266597
 0.8217944373733752	-0.5216158127278583	 0.22928333261367606
-0.3114886341213261	-0.43514340248978	 0.8447633100951107
 0.14355951307021392	-0.7677007753235904	-0.624520764886646
-0.8086188393868635	-0.27392530310676966	-0.5206731228962238
-0.02061154906276941	 0.5818529595611427	 0.813032777626568
-0.9552978451265717	 0.2628658699010619	 0.13530543794573324
-0.15795311300776907	 0.30839610378109805	 0.9380525876856761
-0.31339799523992584	-0.6059435837731809	 0.7311730779122749
 0.7806168305133826	-0.6068351878145672	 0.14962760022569382
 0.23135380834192576	-0.8636883278721466	-0.4477922371626185
 0.912986216276516	 4.105540777135661E-4	 0.407990196370501
 0.38654495359914565	 0.2884682703911761	 0.8759960364205751
-0.9087719934863293	-0.2521537208740133	-0.3324935561845875
 0.04794996746885266	-0.9978238119695914	 0.045259704884251364
-0.05563553234092188	-0.46440210853271197	 0.8838751999753773
-0.16378085698088501	-0.8809869218649096	 0.44388948443232895
 0.41871197277558164	-0.864805299025029	-0.27711383695624187
-0.24349871265651243	 0.47381908956831126	 0.8462882767091116
-0.7334761018738557	-0.34084204392258405	-0.5880812095915058
-0.5796485662868205	 0.14794812877289756	 0.8013232124394198
 0.9373689017774631	-0.30964215769997977	 0.15956589909944333
 0.6632455132530966	-0.7483365033436384	-0.009892770747029414
 0.33053478510374346	-0.8701121169737179	-0.365583998189113
-0.18045197639808364	-0.05021334439973078	 0.9823012288795222
 0.4947774023665446	 0.42230001110043935	 0.7595117001942651
-0.2879751333094261	 0.1263453160139039	 0.9492666557489341
-0.5680144763238721	 0.2654927204678237	 0.7790206480351539
-0.6950909716480085	-0.6579691816430515	-0.289698286397073
-0.6682338777943452	 0.07573335955811147	 0.740086442801092
-0.995798310957371	-0.05864684914714103	 0.07032973041011656
 0.6715842822283816	 0.2548660900292706	 0.6957138981053786
-0.8962715688309815	-0.18139960946751943	 0.40471157209830677
 0.5790980560725657	 0.22828583578455305	 0.7826436089518166
 0.4129022019005047	-0.3686446972611476	 0.832834232513861
-0.9225460427519155	 0.054792164505429085	 0.38197724763602237
 0.4702540253006175	-0.44822666715804504	 0.7602328633629024
 0.8062538633437145	 0.08201788438185101	 0.5858564452874616
 0.35331069065847726	 0.053687559844984856	 0.9339642400993311
-0.8955216076630261	 0.2907981351413364	 0.3368642082604652
 0.2560352244709316	-0.6840948039072362	 0.6829789624119031
 0.3626335600383633	-0.48491373763486084	 0.7958363953645826
 0.8565284759837922	-0.22368212438458981	 0.4651078122969761
-0.7793272495028539	-0.3936734366082135	-0.4875143725998193
-0.48987992849347883	-0.02106916337500395	 0.8715352809920557
-0.8350311977754988	-0.24453630064242393	 0.49287411821857097
 0.5072969208100894	-0.8411053568409298	-0.1875942771784212
-0.7718690214434131	-0.6354231625893448	 0.021345214474052233
-0.7021408283929358	-0.6908546710307013	-0.17238932861039705
 0.8071232980266462	-0.3326598391370134	 0.48773908312531855
 0.4603801099555839	-0.24535034052120458	 0.8531432264065708
-0.8396488074989742	-0.5205725747732961	-0.15490020806781313
-0.8304637761343981	-0.5496150594437011	 0.09084714063355723
-0.3425609013136424	-0.9176352911613807	-0.20148821629652014
 0.08443725014610667	-0.8938861921781311	 0.4402701741215784
-0.7371442142864608	-0.5076797290977525	-0.4459593030840696
 0.43926407818577895	-0.8098542256021563	-0.38882284255162985
-0.9864481299802669	 0.02052622423578446	-0.16278440028779498
-0.7454465789171506	 0.12943509929498714	 0.653877628498799
 0.15002518888785948	 0.10744968553014347	 0.9828260312886689
-0.45508236655948164	-0.6405767460463142	-0.6185155390702304
 0.21895210767763246	-0.9149519221911449	-0.3390028829114171
-0.14376401921403795	-0.9856688478980473	-0.08825434302492821
 0.3023479067903208	-0.40364699007632016	 0.8635130865608458
 0.14407359134706968	-0.8366623690127798	 0.5284305825312163
 0.5480618591671704	-0.7218718843455015	-0.4225271365459259
-0.4362314832708839	-0.8634506177087707	-0.25328861755244086
 0.5476394661434544	-0.765725629059552	 0.33727626083592904
-0.5523678338389542	-0.6077898653437914	-0.570509645602454
 0.777798259785065	-0.5272743999775256	 0.34206954585824323
 0.7904702647521346	-0.231362652471037	 0.5671226354010713
-0.23622711597206403	-0.8215668554714634	 0.518868626600465
 0.18571425281463275	-0.43024217144444504	 0.8834035828613508
 0.8499884232854433	-0.4280766971254777	 0.3070342353205388
 0.318114687353268	-0.743892106123431	 0.5877308739018042
 0.587566989610248	 0.33676651285032694	 0.7357671836545725
-0.6475064764292779	-0.40373040126139687	-0.6463258667881493
 0.5983186739721861	-0.6863785385425832	 0.41339964465915136
-0.5778249851692622	-0.09610667365001983	 0.8104824450869189
-0.2698892738399218	-0.7140553519600011	-0.6459758000137766
 0.3795793660476564	-0.7891631301825515	 0.4828468275046823
-0.5853108852381242	-0.6645427645149792	-0.46453641595955897
 0.9236060039236373	-0.38077917582940163	-0.04426249847096152
-0.9844561761512064	-0.09805112839768675	-0.14571209097973023
-0.7433196495021505	-0.6133136782451146	 0.2670622226026144
-0.6235624759692681	-0.29598667470316253	 0.7235756539307002
 0.2984070885320633	-0.944952721557245	-0.13422951812240638
-0.5297285411861027	-0.685438827797111	 0.4995610933619291
-0.6186901374332344	-0.7484508284813343	-0.23883858814783207
-0.4653375787091695	-0.7697700039831252	 0.43693830091776903
-0.8027663943624721	-0.364657866158855	 0.4717952487369351
-0.8324289662387254	-0.4843918621771046	-0.26912179403259723
-0.05067950708674008	-0.6710227481138294	-0.7397026828903688
 0.6030649904707246	-0.08783528650834552	 0.7928414593804628
 0.37293621525949094	 0.17363217147210994	 0.9114660983151301
 0.061148351486284114	 0.3003915221693133	 0.9518538819163962
-0.27463065051058316	 0.24483200738154293	 0.9298576740349342
-0.04318756444151445	-0.9988471460363045	-0.020957412357907827
 0.6584552661001811	 0.14371322217668028	 0.7387713938130902
-0.1686457084127592	-0.16128537614579733	 0.9723917176094558
 0.3214543640858232	-0.07029608294207892	 0.9443122113650652
 0.021113394997880546	-0.840728287526804	 0.5410454427346294
 0.8782326965917062	-0.4607405667798433	-0.12816185376565506
-0.5825449648335199	 0.027026958740633933	 0.8123490059379314
 0.030978174683445128	-0.8057150310158893	-0.5914927231068414
-0.7248719320069804	-0.42519489675786704	 0.5420055183847621
 0.07187795156461294	 0.41200346405641114	 0.9083428348836098
-0.06600346034948296	-0.7576510121388504	-0.6493138586437762
 0.5317700138434386	-0.8352753530848037	 0.13977030051483014
 0.2762233878316022	-0.9609992331674808	-0.01345785519115213
-0.5937833306157485	-0.7601589896905084	 0.2637795797168046
-0.9777726794020327	 0.14281949776458105	 0.15350302431301766
-0.37150995623602495	 0.29288975116763444	 0.8810198329654493
-0.9928332908683122	 0.10251082689498109	-0.06142952802117971
 0.47613007975879235	-0.6178427543066292	 0.6257559253412501
-0.8578881069203284	-0.12002171618396176	 0.4996226412492851
-0.6784363438546892	-0.6152600213226682	-0.4014713358374564
-0.7446462940570443	 0.009233305949043076	 0.6673954171316743
-0.527665873706926	-0.3469622344433176	 0.7753618081871242
-0.793934116246236	 0.30164546848737206	 0.5279002087528877
-0.7033471647176353	-0.7092354488153394	-0.04783141255877624
-0.547053654957796	 0.3787997271052925	 0.7464871501521462
-0.45638663967472254	-0.4531718899021344	-0.7657326382811056
 0.047103726640239665	-0.7250859366913345	-0.687045575889294
-0.8358453734294964	-0.5477218027911733	-0.03692341348918105
-0.8150621170836168	 0.0654379918888263	 0.5756662353419126
 0.8730933881802527	-0.48751477531076587	-0.006105683386816946
-0.43260419167775516	-0.5733700670671055	 0.6957732242148292
-0.05470369605683739	-0.13416446456342546	 0.9894480289970417
-0.9852131475573839	 0.02311076025299948	 0.16976733089909019
 0.24872070435046162	-0.5141851985193535	 0.8208237282456101
 0.6988269814190589	-0.05645732078293545	 0.7130591987841817
 0.018003190863182708	-0.048554967416717575	 0.9986582499823978
-0.9780885430077683	-0.0966674570367116	 0.18438602112686445
-0.8718308880872067	 8.266103316984312E-4	 0.489806307934506
-0.6787089616154478	-0.3637611348846931	 0.6379905815686318
-0.48062944838286714	 0.22150458019812422	 0.8484875098069704
-0.071088412545704	 0.12943535116926416	 0.9890363630673148
-0.24532673037663272	-0.5342699498297383	-0.8089316510507175
 0.7504967923268626	-0.5937464805464734	-0.29020627413232514
-0.9673727918160172	-0.2533395435964971	-0.0029928756076917314
-0.44424510115191607	-0.8862193589493007	-0.1313831721569178
 0.5652926838491026	-0.21091914420994717	 0.797469307367012
-0.5386728111230156	-0.8402947196373823	-0.061125990432558654
-0.17328634606730323	 0.19220960577950363	 0.965933387823783
-0.18475251692820072	 0.07301640447360624	 0.9800689323544757
-0.8196208328939387	-0.5362787400700019	 0.20156091693375922
 0.8907782699967768	-0.11226264784706058	 0.4403534621186897
-0.33311629301451773	-0.9265702598390715	 0.1746456094782277
-0.8609432068031905	 0.2388345125810668	 0.449149051273186
 0.5706430938384635	-0.40741007943394403	 0.7130101588547629
 0.4595868251833665	 0.08598800535181034	 0.883960413736662
 0.7370591622182805	-0.33818768408973393	 0.5851263809811594
 0.27452470555972475	-0.6262921469201799	-0.7296535703629896
-0.8104317778385632	 0.18470993139930816	 0.5559519536002088
-0.6502543149031969	-0.17085836721937908	 0.7402545131918495
-0.0430554023296245	 0.3637595161419518	 0.930497311520247
 0.6493949729694855	-0.698629025978	 0.3003392301098748
-0.3689881883998577	-0.5440048230696503	-0.753595693524286
-0.9096612349243998	-0.3393789949545102	 0.23945424502289064
-0.38514018491899626	-0.1906716357164463	 0.9029459370824902
-0.6842894165242538	 0.47041349358141527	 0.557188603158234
 0.20121779595624528	-0.7669686450082852	 0.6093196994720144
 0.48587186480156036	-0.5968603897522246	-0.6385030979870631
-0.2580599886788123	-0.6251298529426873	-0.7366258950124857
-0.30795721751770466	-0.8466674781097343	-0.43395452951899904
 0.38571565606581787	-0.9217130180501176	-0.04084782763696932
 0.13820132003100202	-0.9335022518359595	 0.3308684647392095
 0.20412903024188883	-0.8826530887337436	 0.4233850067743166
 0.07179933093899521	-0.9946123756402109	-0.07477351335900131
-0.715500281345633	 0.36024427303144196	 0.598567799954498
 0.12834062604866858	-0.8420642232680738	-0.5238859872122668
 0.16457397548056354	 0.2251202007225489	 0.9603313500147552
 0.16002518705256752	-0.6811617142555478	-0.714430303487495
-0.24804587047082471	-0.6932636059525297	 0.6766526574277727
-0.559200528172566	-0.22238004215067347	 0.7986500398451052
-0.7112944359479422	-0.2405958946225027	 0.6604345848608297
-0.3733538901858381	-0.7211855837023469	-0.5835222588239513
 0.9083738411256159	-0.21691993984079413	 0.35749504116583297
-0.6246224379583303	-0.7721429564724523	-0.11679924986476714
-0.056084289795311056	 0.24813373537356254	 0.9671009263813775
-0.7926855681405665	-0.5169499671160788	 0.323128955001486
 0.8872302135635389	-0.4187204998845202	 0.19363804150128805
-0.8843645649243267	-0.4652260195410879	 0.03826312909527329
-0.6960855987977073	-0.7136606596178423	 0.07844298604887191
-0.21343829564750666	-0.898843947642729	-0.38278407978535706
-0.42297321812213806	-0.8723264507061533	 0.2452350304296012
 0.47882090317957543	 0.2027628189712148	 0.8541766690334864
 0.5896509871140282	-0.8021393830519029	-0.09425562875799512
 0.2857871459034273	-0.1942952249665677	 0.9383896167326045
 0.8720912215171737	 0.10091780302220381	 0.4788240787448512
-0.4853444954684316	-0.6329246609974489	 0.6031973924179034
 0.2923171323071705	 0.4782997477177211	 0.8281183764975129
-0.2574697296065241	 0.3603722859221942	 0.8965718899650801
-0.9794917379881876	-0.18103817236126524	 0.08843707006099034
-0.7916331502943742	 0.4738822580589451	 0.3856845354068011
 0.733289787979551	-0.4345871785039359	 0.5228958511261046
 0.3692722055693891	-0.6556974771226861	 0.6585581650005286
-0.9586013920574636	-0.015554450164973836	 0.2843262742441479
-0.8586051608629466	 0.40868131333673113	 0.30947820903720835
 0.12097322894513568	-0.3398135363748055	 0.9326801372255316
-0.10709580409700713	-0.8354282230681498	 0.5390641639415564
-0.5999626930933755	-0.5148025042159144	-0.6123913361153698
-0.8356004026749227	 0.3557861598739931	 0.41855486556916804
-0.1623021785705881	-0.6974312924453929	-0.698031227918343
 0.7423287218982012	-0.6158927502447089	 0.26386395896558446
-0.3946400582491349	-0.8420095222489481	 0.367803193117213
 0.6018591370929502	-0.770635685127827	-0.20949038141474258
 0.6497648463113566	-0.49099880778125454	 0.5802808072436706
-0.9432697582104997	 0.22009523445666812	 0.24859656275775333
 0.49014825546931123	-0.7483577330185687	 0.44689527978229937
 0.6934826808865846	-0.6959394520805826	 0.18641365386723688
-0.25114277943314606	-0.5360703704651251	 0.8059502852211032
 0.39576311376860007	-0.15830124089053485	 0.9046061435302654
-0.14501655863098353	 0.42237607880194616	 0.8947450171857447
-0.08159900930263694	-0.8324786690693029	-0.5480153895881303
 0.9382599115481249	-0.10402114122655637	 0.32992111263092805
-0.35511438505243764	-0.8007640150656675	 0.48235958133403
-0.4835540061782597	-0.704473197513099	-0.5195123069712843
-0.07300141571700115	-0.9656615367797405	 0.24933629837531326
-0.24472008340821816	-0.9584049655387783	-0.14687410529868117
 0.6030136478709314	-0.7289721259273424	-0.32399719150382034
-0.6651161247518024	-0.04580913364356264	 0.7453335252556209
 0.06561812672675006	-0.44932736530725925	 0.8909540842439126
-0.11480852739948491	-0.9383498911366462	-0.3260651527535658
-0.48505497066247244	-0.4651747305639241	 0.7404958780981894
-0.5399001714964377	-0.5305760020544806	 0.6534500063983482
-0.6970250506897389	-0.45866514125183905	-0.551164555202344
-0.3055576286671816	-0.7504566158665936	 0.5860455641546557
-0.12219637278827472	-0.5511025017485599	 0.825441747819837
-0.8952754027152375	-0.4223388817055291	 0.141816156670503
-0.7899340963050779	-0.1815622596128335	 0.5856955432466273
-0.09518232605694102	-0.9305762575081135	 0.35350835035198724
 0.13214924995650457	-0.013814580769609598	 0.991133559664939
 0.060164661875242456	-0.6331688596557937	-0.7716718270246878
 0.18378435661513906	 0.4492194362656733	 0.8743141359629902
-0.9578960285982495	 0.1019530794690554	 0.2684041131996267
 0.5621821488262821	 0.11517590927742188	 0.818954053328502
-0.7649868162557978	 0.4164660495086076	 0.49127507626737194
-0.622121747619516	-0.7828680001880667	 0.00906782335384588
 0.03343034337900702	 0.06972972074452284	 0.9970056058951988
-0.1790013695750016	-0.7698236309588367	 0.6126418912444909
 0.6393470389421142	-0.5948485825005756	 0.48722738807768884
 0.8535991279043365	-0.5084768855868546	 0.11322449233645955
 0.43017812291781304	-0.7096930054586544	 0.5579270745948519
 0.5382682055206355	-0.6593032347628168	-0.524963411636355
 0.9718296800786778	-0.19710216796396882	 0.12921999962110492
 0.4295262499679095	-0.5531414906261399	 0.7138218909058456
-0.5668328748865754	-0.7281917337571453	 0.38527560373787356
-0.43922151142402677	 0.4504147892829984	 0.7773100935260946
-0.048667035566555966	-0.7786735586259323	 0.6255389746018949
-0.938583935591139	-0.32999403565896984	-0.10081732132801025
-0.7618537202760804	-0.3055407415009006	 0.57116001626915
-0.919306698915562	-0.24901648181159944	 0.30473920836535834
-0.7146980124140628	-0.5819814254256082	 0.38794892899834843
 0.20237723710428926	-0.9532938217304207	-0.22421940895614564
-0.18662790140620494	-0.6268548112363709	 0.7564542762431379
 0.5417646473583032	-0.5082283362346575	 0.669473692627937
-0.6630586767916278	 0.19335566444741123	 0.7231644198641385
 0.08733263157325936	-0.9775297607113432	-0.19185561859407038
-0.4244163353269977	 0.5617797827067148	 0.7101227007000959
 0.6301092908144541	-0.6179600356521724	-0.47019961289442985
 0.681148314834775	-0.7210423000765898	-0.12702352025513805
 0.19599103559478628	-0.6135051003968583	 0.7649830101077567
-0.32796799200553567	-0.8886933157555263	-0.32040784439726994
 0.6193946196120461	-0.29663449923608354	 0.7268825758391837
 0.34124510770956756	-0.8135246083076951	-0.47088160735167506
-0.013991849671786016	-0.9648501802722775	-0.2624278144010573
-0.8614026691851105	-0.4419930309948368	 0.2502550740200173
 0.26029279423179846	-0.912775296958476	 0.31478392356244717
-0.03128903805133288	 0.4749145582089108	 0.8794755019322922
-0.9320753889147535	-0.36171306583357415	 0.01997817270641918
 0.24368189227109383	 0.020324263918251744	 0.9696422328237154
-0.17702531085460327	-0.779351214716886	-0.6010604989817125
-0.6484627889056095	 0.30681084862288666	 0.6966800661509293
 0.25443479901486865	-0.7181788051502354	-0.6476744065371457
-0.28488349798912777	-0.11649126526149478	 0.9514573966769373
-0.3742812260131968	-0.5074145149382568	 0.7761727087987776
-0.2256156530563022	 0.5801772985675846	 0.7826186039973737
 0.7496768671742566	-0.6601122274449432	-0.04729103510674629
 0.016120367092168398	-0.8735086801385717	-0.4865415907066778
 0.27748510457899167	 0.25866058757300264	 0.9252549471216974
 0.011219234402533246	-0.710460469160055	 0.7036476750052512
 0.8218319044680963	-0.5629895841141368	-0.08737876731410886
-0.14607651230372573	-0.6055239301683951	-0.7823058369631407
 0.828963868016264	-0.12196986093230097	 0.545840872917803
 0.5752019439025002	-0.5745896179978176	 0.5822280434846014
 0.7268580362257401	 0.057844228787372554	 0.6843474558804578
 0.686166938027517	-0.685138261556381	-0.24445959933993536
 0.5361925206544431	-0.6666678791740656	 0.5177369212947713
 0.49077121958580644	-0.868571749437651	-0.06875118984482204
 0.3765857856169547	-0.8809616132886684	 0.2865131445206098
 0.16348918214887673	-0.986432000291008	 0.014939749735939813
 0.7595283589183532	-0.6286803129521783	-0.16696627235805506
 0.8075235088953617	-0.5889418645784389	 0.03245400943172497
 0.07915137201227622	-0.7778910216031292	 0.6233944327773664
 0.0013299063427374546	-0.3554837889849408	 0.9346815003615028
 0.3520815841442181	-0.932503854705047	 0.08046812453839433
-0.46123547348471206	-0.27100250411699317	 0.8448783822312256
-0.42244558747395	-0.7229315203454674	 0.5467263872493997
-0.062080600778290265	-0.2499155114578186	 0.9662754452741638
 0.23772012117121966	-0.8000792533536254	-0.5507833805984402
-0.6594320156131933	-0.6761117815260639	 0.32866742410219674
 0.4398164923217872	-0.684752645078366	-0.581098329149156
 0.11823621302165785	-0.9008562909708843	-0.4177058066971041
 0.10402676519248169	-0.9461190474317082	-0.3066548225782621
 0.34238929278368263	-0.7468576112997072	-0.5700642776308521
 0.5899039945273884	-0.5630085035137491	-0.5788218225083085
-0.8745025261208219	 0.034508281991954694	-0.48379180468695915
 0.31959465713907853	-0.308690525822852	-0.8958623858580992
 0.4073580337038772	-0.5604918534261337	-0.7210466799173604
 0.6370860963146975	-0.457654346908836	-0.6202207708856153
-0.09278043114324719	 0.7151301550084103	-0.692806360388327
-0.3337994956027012	 0.6960057713281054	-0.6357309674802318
 0.14677590288033884	-0.06315816093556446	-0.9871513972237991
 0.752686361907091	 0.2804141833115239	 0.5956770319533887
-0.9147961910568665	 0.10263070140387816	-0.3906595294590892
 0.4530182386004455	-0.13723536548656104	-0.8808750932766347
-0.25764922239157284	 0.7782832936936119	-0.5726185405297675
 0.22825049378940437	 0.7230993351794023	-0.6519425308629584
 0.21616640267882006	 0.8155115189728168	 0.5368547743808816
-0.8220152116905434	-0.1543471805852575	-0.548149559513399
-0.186179848942574	-0.06894838928290083	-0.9800934564943355
-0.595794050937816	-0.23720416930806598	-0.7673093450036806
 0.5361665106164121	-0.20708356105296585	-0.8183164862295292
 0.10867221402540901	 0.7998267479080117	 0.5903113781977353
-0.1963125950078748	-0.189519313194506	-0.9620518670880261
 0.950052328082471	 0.24098135307840537	 0.19831429946823756
-0.8676570678002192	 0.39389257213275986	-0.30334774486546734
 0.8444177788180343	-0.3891366887147794	-0.36814569440931155
-0.3715113483803185	 0.8975936671066573	-0.2372865921089118
 0.6947327519992267	 0.3930970344694715	-0.60234634952898
 0.1824005971904402	 0.8034886572656393	-0.5666886268401997
 0.8738740634652451	 0.448197098066073	 0.18831750446491138
 0.6302829562344763	-0.15372746302802595	-0.7609936019384763
-0.2593977160731496	 0.9255043826149645	-0.2759609803152017
 0.4246549558987172	 0.9050336383308698	 0.02413051844132146
-0.8068663103267333	 0.4548107830153597	-0.3769799847640181
 0.5008420780135434	 0.7795534608441512	-0.37610319671199594
 0.07271736786881462	 0.25079221767723997	-0.9653058831079211
-0.37923093758299725	 0.09215426098853308	-0.9207016281953554
 0.9216573206450971	 0.22680704898529358	 0.31481160371225786
 0.020468390235096452	 0.8499339394044445	 0.5264915418595306
 0.7501160679319028	 0.386678164274395	 0.5364754252561481
 0.7514954704496426	 0.43765866661694575	-0.49366937258528376
-0.6976694093709114	 0.45006961744445123	-0.5573999772887054
 0.46847022357574886	 0.23461596230244922	-0.8517575945395403
 0.8086903683724928	 0.4092039440815819	 0.4225778274467787
-0.5033761844501677	-0.3108115956954547	-0.806231089024503
 0.6265000065405719	 0.6004415451315012	-0.4969584416073029
 0.20584474456914195	 0.9446163915278843	-0.25559306326679404
 0.626641456199058	 0.3446647093376233	-0.698946867444111
 0.39393931417171757	 0.6030241137506186	 0.6936668760905323
-0.30445466373772423	-0.2262690243579055	-0.9252619555263638
 0.10866682340752912	 0.5053929435080735	-0.8560195641121541
-0.9364431070021975	 0.33960761590981264	-0.08798280834415509
 0.6056738347845567	 0.66273409605408	 0.44038928663711946
 0.3575214945993171	 0.854578451866395	 0.3766617189270846
-0.641080770922687	 0.5671801845313355	-0.5170319945885106
-0.012885509524091579	 0.680719622708976	 0.7324307195245527
 0.8065547687954336	-0.3423396354948829	-0.48194707064425174
-0.1916085805619214	 0.7757980971342959	 0.6011850499952999
-0.5804452298287479	 0.6717947842963271	-0.46019028994678224
 0.9593481366348992	 0.1251092891412538	 0.25297987766958346
-0.8069928211007168	 0.523056546116737	 0.2741795693634674
-0.7569526579248038	-0.10183660142673392	-0.6454858482340474
-0.3325007150837849	-0.45779662860023407	-0.8245395814095472
-0.7801107592145915	 0.5770156469165899	-0.24182668705306895
-0.5688926693925304	 0.7284494545261737	 0.38173619544387116
 0.8438378953483142	 0.2573885653706009	-0.47083832978060675
 0.21841510283571489	 0.9758180639091313	 0.008599360551740565
 0.8914126041868402	-0.1631725710591594	-0.4227981565129859
-0.2916917133338174	 0.9439762019873355	-0.1543530837202399
-0.8053401340300003	 0.5696009261344295	 0.16426214861416355
 0.6757414561484119	 0.361707881171964	 0.6422934634110117
-0.736229477262063	 0.6339883234107854	 0.23669592854379848
 0.33842490892195487	 0.8018094261295441	 0.4925141878067858
-0.7479116158482779	 0.018183017793765716	-0.6635492391248217
-0.5094457279751076	 0.5543267350591863	-0.6581693710942005
-0.378036302400743	 0.7495519200546127	 0.5433787566786336
 0.7128130184857224	 0.2790844285393441	-0.6434356863153775
 0.9144710510731797	 0.32446472106430146	-0.24179607427288619
-0.6570277010577957	 0.6881831134579662	 0.30776387441349873
 0.3254933612626788	 0.9305916645869904	-0.16749097162276425
 0.9553961576517767	 0.23979804502561247	-0.1723806240449195
-0.7130809238237026	 0.5321354843958169	 0.45645089804442723
 0.9976026015502513	-0.06568918667575468	-0.021771084815614634
-0.8547012782183169	 0.15336884303543466	-0.49594729860938613
 0.6901729236476901	 0.6747269708839645	-0.26154320909813283
-0.7514920478820752	-0.2224482375159608	-0.6211090754417032
-0.4648959575311127	 0.1685388636792285	-0.869175701513189
 0.40836241405798623	 0.9014223543609698	 0.143798045338106
-0.5672889080460904	 0.1214254760922783	-0.8145177398704329
-0.8632815907402726	 0.49713578807379905	 0.08718315952744143
 0.18671929320595812	-0.48050560486345634	-0.8568840465544165
-0.3728698327892448	 0.7555431980243428	-0.5386302662447308
-0.5958582157644995	-0.11860216638486627	-0.7942836475937067
-0.07232345356068691	-0.02961813560554836	-0.9969413644283733
-0.781163258653219	 0.2063506723644684	-0.5892396484835486
-0.4090360366077375	-0.25964034654629875	-0.8748007837225292
 0.30402630462846125	 0.7669607480941962	-0.5651010679309967
 0.4686265096800928	 0.8218512887534485	 0.32395933942294336
-0.48041782494808427	 0.7188481258080194	-0.5024500825897534
-0.35599514386388714	 0.910130771330107	 0.21196564963077147
-0.03641062283904837	 0.9746839715456014	 0.22060240741335108
 0.43594120573980466	 0.7860009338637134	 0.438358069508816
-0.4096603614611963	 0.8035292698828613	-0.43187857169463517
-0.24590945378208376	 0.5487261179319723	-0.7990170136110396
-0.7669295091859734	 0.6391349938430687	-0.05766790775624283
 0.47376952606991835	 0.6267347138291043	 0.6186647190918808
 0.5879816476307455	 0.43998446167847094	 0.678742407346808
 0.36124934824598603	-0.07291306907544713	-0.9296142171620707
 0.49152476484933366	 0.5250627305633411	 0.6947751683193459
 0.6464136906930449	 0.10072773920205656	-0.7563089732641278
-0.00234967117605934	 0.3313028934931722	-0.9435215269448897
 0.8357684659581575	 0.5333433397835308	-0.1305218495827336
-0.12329258960532763	 0.5531601851141706	-0.8239009327296996
 0.3072589370148484	 0.6726179099586728	 0.673184293360542
 0.9600013785334219	-0.2686635837594208	-0.07884942596794545
 0.29375638454565234	-0.42241204103392005	-0.85748192641491
 0.7331654935037929	 0.6170264183735112	 0.2859138999148111
 0.6028663579811178	 0.45611765907298013	-0.6546058627115767
-0.17823959745471354	 0.9650808169303852	-0.19196265962984096
 0.6432573614024104	-0.02746303025175571	-0.7651573360891211
-0.10400736808950428	 0.7332563028184624	 0.6719506393776955
-0.5419513949568477	 0.24205063266883894	-0.8047982211268496
-0.15095499597523002	 0.9539310085871963	 0.25928405281839634
-0.5618205472442963	 0.6683104451899178	 0.48756417171914246
-0.2237238456130982	-0.42745686619704726	-0.8759156742775449
-0.2059680288505025	-0.309400078146507	-0.9283581004840611
 0.5632144686782905	 0.041369200359476395	-0.8252745310095596
 0.9976706068841644	 0.03328574186694414	 0.05954342573072393
 0.37480154220870204	 0.04793406986038064	-0.9258650705716244
-0.8685185266890524	 0.4546331710459459	 0.19744429235251543
 0.7747850353725316	-0.16751941545532323	-0.6096272585837119
 0.6838804717689199	-0.5141661753057059	-0.5176298334762226
 0.15740026653516123	 0.91735564347143	 0.36562792492611823
 0.7894858112686541	 0.0907011461214474	-0.6070300288270186
 0.1994262480519956	 0.9714048981812756	 0.1288475664392982
-0.31876890056959106	 0.9473471511473116	-0.03032759869701387
-0.548769433531871	 0.7901664185167668	-0.2729269863342482
-0.8894922656703398	 0.21901242793268866	-0.4010449672090086
-0.17237099278071982	 0.05211494942653146	-0.9836525163359564
-0.4625716299500864	 0.8528408164587938	 0.24226025044818772
 0.2672511278036684	 0.6276689657237903	-0.7311692718891397
-0.5854325758082612	 6.48850502448611E-4	-0.8107208386217356
 0.9809901848899812	 0.1371388641244568	 0.13729963254202143
-0.17163801738678341	 0.6388993047206285	-0.7498987061030522
 0.32883621520274015	 0.9434195584778133	-0.042735000323678766
 0.5536177724665564	-0.0842061941091931	-0.8285026728278028
 0.10970042429083862	-0.3000537951958927	-0.9475935504734884
 0.14080164774074866	 0.8742380772077761	-0.4646317685582214
 0.5502424931929752	 0.2928632645261333	-0.7819618321733321
 0.7855562849525833	-0.0391443327512155	-0.6175508435626639
 0.6684394318965715	 0.6395868717065849	-0.3796279223481505
 0.7561893830870567	 0.6323249775769327	 0.168353020877999
-0.40639036876759793	 0.4050468875682157	-0.8190139724352918
 0.6695441599262996	 0.4643098031717482	 0.57976462860992
 0.17517965413883088	 0.2900256336119528	-0.9408492018510644
 0.45685718773294476	 0.6200283759752864	-0.6378450619093904
 0.7578655175104463	-0.2878884630215316	-0.585457163443854
-0.3561286165181012	 0.21124496326473363	-0.91024610627686
-0.734766025120496	 0.5836958115674705	 0.3455692230034651
 0.4513254451513824	 0.35738641499161866	-0.8176675931809606
-0.27838777324088515	 0.8065621630464418	 0.5214956613930998
-0.5512260901999986	 0.8182311930380005	 0.1632406573817733
-0.6696998739741131	-0.28928237625769	-0.6839720649162226
 0.0639186685969367	 0.8327158135903674	-0.5499988887273569
 0.0751622873567205	-0.5294021131144027	-0.845034930159287
-0.4728044147248136	 0.753411953054063	 0.45697528862290665
 0.7135925151029374	-0.09806483941517867	-0.693663470033949
 0.21455550589041755	 0.9048119543208096	-0.36780601165595983
 0.4986241093308684	 0.5199966810913192	-0.6935253775082862
 0.1174445965203695	 0.9914765579930311	-0.05640036966598287
 0.8304052008144694	-0.2270750601091761	-0.5087869097536754
-0.499563147574092	-0.07197222850246413	-0.863282491372468
 0.18871096841022839	 0.5540408311094948	 0.8108186775507668
-0.9527697338306942	 0.30284173421933813	 0.02273143882845563
 0.02188075705771137	 0.8940086113432463	-0.4475151788651444
-0.27041268449991845	 0.8707461436317935	 0.4107044355883043
 0.9648349416049234	 0.25944929920202087	-0.042185265221450115
 0.5743335257998256	 0.7720862291786077	 0.272073254575123
 0.9837186762271742	 0.020802629576910373	 0.17850718933572934
-0.04039591693046617	 0.2109956744140581	-0.9766519314852676
-0.9723042406902047	 0.22137550030481914	-0.07494899199212648
-0.3392371407423624	 0.9361497309268774	 0.09242209490420555
-0.21267667365419698	 0.36106180584955044	-0.9079664117356148
-0.5063610341139662	 0.8592553567404244	-0.0726549037844019
-0.8219327089453838	 0.2723201762880451	-0.5002682715825092
-0.5305044794279173	 0.8463048009275481	 0.04830301474957526
 0.057790684359517695	 0.13060342959236643	-0.9897489484611594
 0.4913162326637849	 0.7122607609169478	 0.5012913005220381
 0.17059356955113125	-0.5866025553472509	-0.7917040331385705
 0.09188274159146276	-0.4182272994762469	-0.9036832895270568
 0.10739576923282497	 0.7565887793492581	-0.645011292702453
-0.3130256606685449	 0.6234860696360393	 0.7164356612654238
 0.4258995928932508	 0.8782651750774777	-0.21739323591016121
-0.29439370210678417	 0.7220338530482936	 0.62609860502328
-0.6770565847967435	-0.04972168523991378	-0.7342493684030468
 0.9835007025870897	-0.1806251437714895	 0.010046165847223577
-0.6321294218022876	 0.7699206315016571	 0.0873762855699155
 0.22660747271744316	-0.24745203272455238	-0.9420278896132005
 0.8196533037993092	 0.302848489984928	 0.486262535761009
 0.770366842042191	 0.6358433806301299	 0.04730881514886741
 0.640362925884948	 0.22620448342869862	-0.7340073942603196
-0.910831995375038	 0.28435297637111073	-0.29921306961765115
 0.31592075197760905	 0.9070744062088872	-0.2782267062499515
 0.5770260059131487	 0.6920660908403924	-0.4336882687009377
-0.22912069328266554	 0.9718127287003347	 0.05553132670556787
-0.1639008880204501	 0.9116013188049472	 0.37698744602332424
 0.6125909696974362	 0.7896095677288382	 0.03534168072166858
-0.7806782137308045	 0.3961106724728829	-0.4833610056253616
 0.4233056436481601	 0.472481580903703	-0.7730287755073252
-0.6525514309675172	 0.6341031450494911	 0.4148371142756994
 0.8471310461505616	 0.020371515099586183	-0.5309934011081517
 0.8710669017836051	 0.32193064120848075	 0.37094893835702997
-0.7253562553335298	 0.6766074642591512	 0.1267305888778266
 0.3797998378501684	 0.1711692606901555	-0.9090946965876389
-0.20882351084292491	 0.6833658646753533	 0.6995740391950959
 0.8183033869969271	 0.19364812232383902	 0.5411838611320637
 0.2761168549798325	 0.10971303197221599	-0.9548416271882525
-0.8180050045828046	 0.5596569048134978	-0.13286068407193072
 0.7792263879044784	 0.5161609231901362	 0.3555054679816411
 0.5253416894144529	 0.653599178185544	-0.5448157703649463
 0.1973769063972252	 0.73803198537781	 0.6452527763445494
 0.068479391186396	 0.6045149955364975	-0.7936448784905307
 0.9053535250579507	-0.3146969354759428	-0.28513301013245157
-0.7325428599189948	 0.6589014957278847	-0.17096718196559385
 0.2798359633849092	 0.2313710702780934	-0.9317506433777275
 0.7929301598705489	 0.4780207643304077	-0.3778331780516879
 0.9009319010715967	 0.1800051705765555	-0.3948668740186041
-0.8430887948534599	 0.48271049150809053	-0.23704823429116378
 0.5416777486009807	 0.7462379102830329	 0.3869291898099507
-0.659107694892952	 0.38331792763077166	-0.6470273664148602
 0.3791652028944203	-0.478379217265574	-0.7920776940442205
-0.40135475469375836	 0.9086686652765044	-0.11504615434393711
-0.023724918354012997	 0.938959352691062	-0.34320906491973235
 0.7355742032592161	 0.48910832210563054	 0.46872554949200756
-0.2852830849914907	 0.011381641629348585	-0.9583757194605669
 0.4745354171086345	 0.7393313963624759	-0.47770830457743335
-0.6067811630379313	 0.7943882204894982	-0.027640103651469416
 0.4097098523076529	 0.7130648907851819	-0.5689255649481381
-0.44371569106505676	 0.6625762216872055	-0.603414563925471
-0.11596770550749438	 0.9930827520473219	 0.018388552565233772
 0.7749986054940674	 0.32765013109941893	-0.5403911112081552
 0.20324142629207326	-0.36424873909976213	-0.9088541019894213
 0.03042662420750095	 0.699073353356381	-0.7144023146423869
 0.059640300374578674	 0.9640887297552673	-0.25879713238385244
 0.8374539575138077	 0.5464804043150959	-0.00548057880799577
 0.34101433229943207	 0.6751048985019334	-0.6541732195566148
-0.2080893911225083	 0.9757543465821218	-0.06783996188354185
 0.9284919815604932	-0.19618964707970857	-0.3152971020428323
-0.4858423421226493	 0.04806631949588919	-0.8727238094213414
-0.5794174161783574	 0.8012123042878196	-0.1494466503037067
 0.8517622510967708	 0.1400458553359788	-0.5048645620458774
-0.09733248837806577	-0.2709519777455653	-0.9576593405078345
 0.9039882027668488	 0.06200275137273997	-0.42303780928017887
-0.35879893638051663	 0.5198638449619999	-0.7752450618698166
-0.880667632931393	-0.08522328948987087	-0.4660059133053388
-0.39503540725032144	-0.026803138535202248	-0.9182748056999253
 0.6717016126985677	 0.7082519893803901	 0.2172465489642196
 0.2999038549193599	 0.7507980152496407	 0.5885235917970562
-0.020726120326025412	-0.46402613836819995	-0.8855790031653457
 0.27037820144405056	 0.9100228018961773	 0.314251695640471
 0.8483271676351675	 0.4315483936868669	 0.30676864337539345
 0.04392035311229423	 0.011409165622914602	-0.9989698861939135
-0.9588764183699241	 0.05674551162569	-0.27809343970040906
-0.5095469147161472	 0.5955855978018084	 0.6209989834084416
-0.41276720543786277	-0.37309949481465177	-0.8309151587761946
 0.9055640694183313	 0.3395997218713843	 0.2542159418356566
-0.29780190629669323	 0.8315512546930106	-0.4688672897788196
-0.17531205715181408	 0.8529840471456501	 0.4916135656511389
-0.926602906619398	-0.015295690854551614	-0.3757300830194001
 0.9328199851455518	 0.36012031852415155	 0.012658258139107318
-0.5100299781085529	 0.36237365335910876	-0.7800991967575415
-0.11903769288661731	 0.6355556626184586	 0.7628230642723406
-0.18004363980403199	 0.8455025545613802	-0.5027024149497358
 0.16091132719823073	 0.05457847593206306	-0.9854586418233072
-0.1434695640919464	 0.9391727708971735	-0.31204325114411957
 0.8095531387545297	 0.5363216355508623	 0.23871074289343813
 0.17794937897110893	 0.9523850665059002	 0.24758171099729628
-0.8458087114967229	 0.5330036466308439	-0.022687799242678185
 0.294603498290636	 0.5797142968660319	 0.7596973823859351
-0.3364592144782077	 0.87176630563052	-0.356116140268905
 0.26024419909929974	 0.35644249351597695	-0.8973414654696822
-0.6077694121451677	 0.313252799392702	-0.7297184562098953
 0.9657229788028951	-0.12304336839376485	-0.2285595277086019
 0.8216086594553734	 0.5099668625367849	-0.25474106426395465
 0.7213829743986432	 0.0315156877437559	-0.6918188821315913
 0.925607619344309	 0.3534848269313961	 0.13527384130363715
-0.01863947880576442	 0.9946546540551487	 0.10156125735870856
-0.3681743503217947	 0.8704001741345024	 0.326880994601632
-0.9174469584863743	 0.3823428899302348	 0.11002269258610915
 0.12849325518195256	 0.3885406722274766	-0.9124284242600985
-0.15347759505210762	 0.17398648495947636	-0.9727144138278548
-0.5646031954178746	 0.7784998517163938	 0.27415545334987945
-0.047704791223516625	 0.6316494179751788	-0.7737850254857215
-0.9413056873489642	 0.1719736455087636	-0.29046285169522124
 0.38502722623417723	 0.8852108320019015	 0.2610666925613398
 0.25483835028261015	 0.8391774028732063	-0.48045676364499035
 0.09294355048353846	 0.7148982300037012	 0.6930238214961222
-0.29729944120842466	 0.44000788359011883	-0.8473524087625545
-0.2611082027228653	 0.9188685809066192	 0.29580912341151827
-0.1821692387729113	 0.4667042818352246	-0.8654487170026687
 0.8821318928327467	 0.43237228576563524	-0.18680880640139935
-0.4718586187418914	 0.808426941639347	 0.35184559674755933
-0.7044739899698896	 0.709578125611851	 0.014672460907298747
-0.4384659581135513	 0.2879212893585386	-0.8513806050819352
 0.5777066170109384	 0.5383313147839415	 0.6135588481839129
 0.8255409080294239	 0.36897133062410115	-0.42701565117385865
-0.514229857365907	 0.7626956344120108	-0.39225377377700177
 0.1729670902636861	 0.17151699827314087	-0.9698785001169402
-0.08656166116980754	 0.8185897516529662	 0.5678185425857969
-0.7573959714887305	 0.5518815425307304	-0.3489671981526973
 0.2817329242715582	-0.5357581116132161	-0.7959835458236794
 0.8405451309929154	-0.1079749527334642	-0.5308721996359473
 0.9640833003236033	 0.2532898883709411	 0.0799226030994047
 0.7006970202348035	 0.6993645978510921	-0.14111288072549477
 0.6103138110348901	-0.27560748105222754	-0.7426692187293845
 0.18944084711650253	 0.5710195126470626	-0.7987796201832474
-0.8073943265516156	 0.08601157651273914	-0.583709182862542
 0.535884536257006	-0.5035449420754702	-0.6776948097121779
-0.3735294481628496	 0.8180226250570704	 0.4373954003529261
-0.9063306298869476	 0.42255592067710224	-0.0033590518685054655
-0.053832484845491836	 0.9397435439520953	 0.33761536572809697
-0.681290931290408	-0.16915784265967732	-0.712199614720601
 0.768489328725361	 0.6084630564955585	-0.19798197017740532
 0.9554793338466925	 0.010124964021155614	 0.29488426152552033
-0.39576020227130265	 0.6579416528496761	 0.6406923159704775
 0.7879307822524529	 0.21148159686177678	-0.5783084095600121
-0.4786340709722064	 0.8559336658340235	-0.1956706053460843
-0.09498680539512004	 0.990012924448106	-0.10417253105564113
 0.49559166233937957	 0.8431696001274056	 0.20845606165492425
-0.08508351265071896	-0.1499820924074478	-0.9850208971550293
-0.13425967247095372	 0.9810361862594994	 0.13979392546677108
 0.8883893802162472	 0.29163094058518646	-0.35456410367152447
-0.5461526219069378	 0.6190380531385083	-0.5643661952585951
-0.44600587987229284	 0.8372298757939708	-0.3164251731410667
-0.2468813576885799	 0.9527418386566348	 0.17701012428394708
 0.4034208226463264	 0.7097923062192119	 0.5774482850328451
 0.6444213440047439	 0.6892202723861741	 0.33120469127572383
 0.24719960594170828	-0.12910461677928164	-0.960325128666609
 0.9231259388259739	 0.11361761982738591	 0.3673275616277983
-0.6993213182175468	 0.26165056868424086	-0.665198221430038
 0.5980516808653006	 0.7863742468615211	 0.1547570059388716
 0.304765934878005	 0.5238378007354346	-0.7954317591463134
-0.672704083534086	 0.6159374832684387	-0.40998808848734575
 0.720415206372601	 0.15913680721126003	-0.6750388188969054
 0.06199803069159639	 0.9531547302577651	 0.2960613186108765
 0.32155619885116915	 0.8635654053184556	-0.3884023708959037
-0.9744720196349581	 0.1385597712457251	-0.17665070829435733
-0.05788044941049126	 0.09053424068553428	-0.9942099400224951
 0.5211105737124074	 0.8122515390735711	-0.2620900746646863
-0.40456794950835645	 0.595328727954155	-0.6941962834120418
-0.09015675351203542	 0.4162323691871412	-0.9047775277033738
-0.7459934220009155	 0.3305231653545856	-0.5781420686088752
 0.019517878086703806	 0.9901581738429882	-0.1385851478583164
 0.5830074422991866	-0.3919233402366184	-0.7116870222236266
 0.8595728882699848	 0.40589128528677293	-0.31046209797565927
 0.8280664096867972	 0.5479664871764267	 0.11848523148453693
 0.6012850050913043	 0.732044440018528	-0.3202612691074432
 0.3681293942323736	 0.2974543190125305	-0.880909573794551
-0.017076998622913456	 0.5283638680001277	-0.8488462753113645
 0.02398968635805641	 0.43414543157844365	-0.9005233140724394
 0.8737967746198715	-0.27824959537952315	-0.39881870484600024
 0.7712870319744703	-0.4513916562505248	-0.4487336481426596
 0.9746937649330285	 0.10211219263518877	-0.1988596608563749
 0.7501504136504006	 0.5788070031414434	-0.319776187378851
 0.9886467618643205	 0.14885530301793	 0.020486068891659888
-0.6072247704284	 0.505236926157971	-0.6131995813963199
 0.72662850698988	-0.40435699560141247	-0.5554335540259134
-0.6391867107053568	 0.19203975471466464	-0.74468858019094
 0.10356502491312028	 0.9284396474221838	-0.35675496732255296
-1.7420238450614436E-4	 0.9998360176574206	-0.01810821494459292
 0.6524360007468057	 0.561841455516882	 0.5085876952819304
-0.47453111517554114	 0.6817227774186423	 0.556843133637176
-0.7282107932072138	 0.5089502400133904	-0.45899748784370575
-0.9076613715441296	 0.3707486421670077	-0.19671369789099508
 0.9301131795064417	 0.3483931937037659	-0.11623964852539763
-0.850889426558048	 0.3343855934680861	-0.4051832408339614
-0.26785246728195	 0.1309897445180925	-0.954513877637228
 0.43272764813550896	-0.25538091368996796	-0.8645966524698024
 0.26351506079030323	-0.009890453394520646	-0.9646045778806638
 0.5151496596560968	 0.8522907564934454	 0.09067135463881652
-0.11434105150921263	-0.3906600695727864	-0.9134061714161741
 0.3834368681709082	 0.5765923891541113	-0.7214689077824764
 0.8907990229033225	 0.4503865516887456	-0.060241637198925425
-0.6212186130870532	 0.5811069268076029	 0.525739645043458
 0.47480302143647807	 0.10809041301812461	-0.8734291920060622
-0.06915194114209185	 0.8880950240490874	 0.45442847324472496
-0.31113585913152614	-0.34357459541899105	-0.8860874531022114
 0.4679878182868091	-0.01597909233398279	-0.8835904427636905
-0.6746313146119428	 0.7313489922273448	-0.10000620437257479
 0.8871225923249656	 0.4567274836925155	 0.06643426696017453
 0.01421503063235582	-0.22780049312499362	-0.9736040613289012
-0.013825658055683901	 0.7794992813780937	-0.6262505261557573
 0.24890413829219762	 0.8672618495038796	 0.431165414123314
-0.21555771981079258	 0.713919980939543	-0.6662230334094239
-0.2414422452704459	 0.24929648739283092	-0.9378469510385807
 0.9892720994712116	-0.03120629355598177	-0.14271257986007754
 0.37901306616012803	 0.7995330890810967	-0.4659355482728673
-0.6108410077895211	 0.7116910481134489	-0.34694252440117923
-0.13237323387535804	-0.50359601569914	-0.8537378871324214
 0.4289794823325781	 0.8979570492047423	-0.09823309789060655
-0.22164823901231445	 0.8923729989253083	-0.39311892466757636
 0.5249047693386689	 0.8506707634611875	-0.028883132064910215
 0.4076721328742285	-0.36899588943802136	-0.8352517378944032
-0.40492632177321014	-0.14430697849115387	-0.9028898990984295
 0.12982863255741742	 0.8689666671939497	 0.4775368650419678
-0.13648098975812947	 0.7866262270881321	-0.6021562241575952
 0.08887245587417886	 0.6223124022493253	 0.7777075032385673
-0.5655413164377078	 0.4355018945386826	-0.7003578508556343
 0.982778305099782	 0.15574950707335888	-0.09944291865992998
 0.5585796647344599	 0.6284719711205499	 0.5413055880563116
 0.14979508634039795	 0.6690954828064841	-0.727923531008739
-0.5061965684602775	-0.19091401433281102	-0.8410213274408508
-0.12079607005676031	 0.29739339873979054	-0.9470826129989075
-0.7276055502616653	 0.13870292964300976	-0.6718271061343578
-0.4262348250364291	 0.9045764710033547	 0.008079729777770056
 0.6662839204143173	 0.5002552409567861	-0.5530012941147567
-0.10241860934496425	 0.8989991040963031	-0.42580634012880564
 0.9210857659072919	-0.35254670137059785	-0.1652629274691942
 0.5263645381809815	 0.837477803541852	-0.14687171790456197
-0.06158306556962558	 0.971840190095808	-0.22745146943818792
-0.002918467897689701	-0.34844917889992144	-0.9373231311928139
-0.0354597042576101	-0.571985663023672	-0.8194968033307594
-0.9484580402525431	 0.2553915576376427	-0.18762328791417143
 0.700018399558147	 0.713823142674506	-0.02075478890141564
 0.6158620154149275	 0.7613694952585903	-0.2025597927989243
-0.328831877641165	 0.3274628758662282	-0.8857977541044034
-0.66190715192588	 0.07034656564788189	-0.7462776178681217
 0.6986723464011416	 0.5934574315326966	 0.3995813175474272
 0.5129295056676418	-0.3265099943934886	-0.7939109180359675
 0.9719013803675821	-0.09458821134799104	 0.21554762145191173
-0.6493397235157231	 0.7340086990195913	 0.19897023201497044
 0.6902944070946431	 0.7166897174514307	 0.09924454863237404
-0.5751714980153482	-0.3576120864004566	-0.7357250461490983
 0.04045533888896925	 0.9108433688963992	 0.4107648024025878
 0.7152193810774694	 0.5426093237490648	-0.4404955830785868
-0.46532003180535436	 0.4816214384466251	-0.7426426179726475
 0.13466308093407417	 0.9754125986673026	-0.17445949958211757
 0.943543036315629	 0.0833265287489409	-0.3205982349092639
 0.6182885487520258	 0.7814308902270634	-0.08417264568167875
 0.7750147535377462	 0.6274604018969002	-0.07513704712195483
 0.982103981545542	-0.15229291884128607	-0.11080900822223476
 0.22051486824181019	 0.4615667075356543	-0.859260942542481
 0.08053044668779001	 0.9806201799636396	 0.1786026590069255
-0.2972337223024662	-0.10793696710477811	-0.9486842074465257
-0.057388805404412865	 0.8465413635054493	-0.5292204123884389
 0.9678431582136554	-0.003072837396611186	-0.25153564115121246
 0.9917576787771377	-0.08240228086266427	 0.09811508902923335
 0.9504320384177793	-0.2395690751181584	-0.19820594995119387
 0.93921133410603	 0.1985789957202996	-0.2800865086816723
 0.29446113018576464	 0.9351607223553599	 0.19689354020262811
 0.029708352494797908	-0.10791536015743725	-0.9937161007219997
 0.0020012017852497057	 0.7721550101369131	 0.6354310627533708
 0.34365888217152585	 0.4174781452378733	-0.8411959171045487
 0.48129430731774775	-0.4425399915871709	-0.75664664513203
 0.3959393422151929	 0.5031989941195314	 0.768129422430421
 0.1981580635389511	 0.6517733333315721	 0.7320689201245635
 0.6752820331810829	-0.34281561028905944	-0.6530479561295347
 0.5689054681912749	 0.5593672599406456	-0.6028721562392484
-0.8817754656312481	 0.4566657840787941	-0.11801859964639384
-0.8216565447304912	-0.033872807517761	-0.5689755314707435
 0.2315837178734172	 0.9659395902747545	-0.11545427474011104
 0.09983431199194225	 0.9931282897697546	 0.0610680784706531
 0.9967895486457655	 0.04917160724544099	-0.06318820104632913
 0.9377776438852395	-0.0672372536685955	-0.34066441309322826
 0.6979106132014853	-0.22374709601432094	-0.6803366909155238
 0.8776294275445388	 0.2122043025395386	 0.4298091691571425
 0.3427573915827706	-0.19210352629856514	-0.9195725124746997
-0.2924907803585967	 0.6265460279689835	-0.7224190046237079
-0.44635656084344383	 0.8856593469846361	 0.12795835920627086
 0.41868566988767547	 0.8446583121230312	-0.3335485655675655
-0.6438300044666599	 0.7319179990683847	-0.22311200771852818
 0.12991188148238514	-0.18146416285137026	-0.9747787752358779
-0.6988220832865235	 0.6517807263533345	-0.29466859463709894
 0.5616576868996068	 0.1686700697708637	-0.8099944754812067
 0.3150505192993434	 0.9458454103929793	 0.07822806355618601
-0.7913203928576876	 0.6090139911484163	 0.053981426741348947
 0.529838282417132	 0.4103965921583655	-0.7421900239359619
 0.8953147893355042	-0.047980862931335785	-0.44284225723104376