 0.6532893088054623	 0.6898715669216604	 0.3119139306820625
 0.7558401299973836	-0.6458457633652843	 0.10765197549813836
-0.9137483631061739	-0.11210206725662601	-0.3905087136512819
 0.023764470149978473	-0.27534281211850076	-0.9610523324841197
 0.8636351209160265	-0.2740740949553762	-0.42310491416993956
-0.8039032169025635	 0.5906331140600439	-0.06994385197746195
-0.3141884588155118	-0.48851412848442943	 0.8140267554682904
 0.9215445355295265	-0.38035797717070063	-0.07799665530189051
-0.6670569316074701	-0.6915539494254361	 0.277106811588074
 0.051012594766206724	-0.8083010416771352	-0.5865553181063805
-0.2214578663584767	 0.9654728371603366	 0.13718095397511026
-0.3075900402539239	-0.7613048817129269	-0.5707917695768362
 0.004081913913825097	 0.6420445827293875	-0.7666564365911547
 0.1882966304738372	 0.9727768356571069	 0.13509110615116532
-0.1845137407341498	 0.029965023943674524	-0.9823730334350318
 0.5153900180737385	 0.8566842795792228	 0.02156790188636601
-0.8689030370294564	 0.36704959955496347	-0.33208749405469645
 0.3473546669670743	 0.8348336102114174	 0.42708029525788743
-7.078920431589083E-5	 0.43483969489438423	 0.9005078759972328
-0.5450480685315651	 0.8379003947678721	 0.029078023279696438
 0.7380935944534991	-0.19848212692694245	 0.6448431523380479
 0.9688718617478493	 0.026590983007238046	-0.24613052459206491
 0.4116165583513393	-0.7773438657562879	-0.4757187438624517
-0.19825118820423876	 0.7014976161442633	 0.6845418620650775
-0.6215853466870824	 0.16590901519262305	 0.765575506048694
-0.6163415481443583	 0.45918529948523124	-0.6397436648906142
 0.8811294384135597	-0.3480877595393031	 0.32007159264750934
 0.7011179222958319	 0.2162315317576322	 0.6794686039172995
 0.009799966525921272	 0.3285109329819716	-0.9444493250394146
 0.7348385594549735	-0.6054826785909544	-0.3056190724815169
 0.23270144571117	-0.22635017063564533	 0.9458412326691756
-0.5172348927996132	 0.10399927033570057	-0.84950115799816
 0.15001292571370287	-0.949550931425211	-0.27540724527203264
-0.29634514759492153	-0.8996298600887481	 0.32069560073946085
-0.3245543870554563	 0.41895998410701235	-0.8480194464516182
 0.5443889698268707	 0.5504957586338445	 0.6329258007515469
 0.6401583416603468	 0.4671102228259937	-0.6099224027153991
-0.09506238512160786	-0.765490413444319	 0.6363863369525126
 0.23925199485917403	-0.5725232327122214	-0.7842038197819835
-0.726396358831729	 0.6216140106754493	 0.29316267089789644
-0.6760500973508686	-0.41983910025900933	 0.6055504898566154
-0.6268708046691974	 0.6906838881180342	-0.360539541448019
 0.6302322196998056	 0.7048148201404798	-0.3256430846227187
-0.35205050720871983	 0.41703911648095915	 0.8379372385202034
-0.9329639494290929	 0.3307935093315479	 0.14196451405118293
 0.542072709698255	 0.150319044385455	-0.8267776982329863
 0.9921810067151866	-0.07708255012880016	 0.098158699967348
-0.8028458194734875	-0.4508903762203312	-0.3900467392324065
-0.5434404315280653	-0.5194402749710504	-0.6594348323516054
-0.23201796822490428	-0.9320934616227863	-0.2781536288111998
-0.8314674043420167	 0.27477816658556686	 0.4828653173345791
 0.6604695842097011	-0.5651852276210154	 0.4943132476606768
 0.33548743426386857	 0.4437021640446015	-0.8310093688239527
-0.3427044706438244	 0.899227165393751	-0.2719267379620025
-0.9878952597668721	 0.10350037587797159	-0.11554491734067358
 0.9590521426690735	 0.2775713298762341	 0.05633067079840439
 0.18898149294283928	 0.675767296725025	 0.7124777582507736
-0.13199699791944364	-0.22408587011491	 0.9655891027528729
 0.3176556858143554	 0.9071303274709216	-0.27606056265303475
 0.3140054480214892	-0.7239156421231616	 0.6142855375981388
-0.7856372289497267	 0.1454314402047446	-0.6013516780455248
-0.3749337924903664	-0.2663789075869336	-0.8879566030170523
-0.5833799615381509	-0.744122165248942	-0.325499652320816
 0.7992603451970485	 0.6009744978625365	-0.003543093897615374
-0.10276783871854372	-0.9936750775454204	 0.04526159067269332
 0.0821539104035523	-0.5369316464274506	 0.839616068253885
-0.7953481943792641	-0.6045949019641498	-0.04343102827017461
-0.5850945107422698	 0.5386546268431133	 0.6062306545200188
 0.22504336576188974	 0.05004604774934162	-0.9730626272913944
 0.586288632800974	-0.5036820140678772	-0.6344840957446385
 0.9056372082729071	 0.03762612714554365	 0.4223807779097937
 0.5333445050511194	-0.8368462852795087	-0.1234177205496183
-0.4891619333387692	-0.8721870680405517	 0.0032126803613056138
-0.1482518209283889	-0.5510914690268234	-0.8211696477325955
-0.3341621906096051	 0.7178909838403043	-0.6107111966288077
-0.27086826352646093	 0.09647541170764325	 0.9577697420309333
 0.8664829038318341	 0.39645582456124506	-0.30336472527077996
 0.4756577716011091	-0.42422066804636466	 0.7705754402508318
-0.004711376925334337	 0.869311201739264	-0.494242690849449
 0.34767980891528216	 0.7258997500115097	-0.5934545504129702
 0.837466796564918	 0.3949882197826107	 0.37766873167401405
 0.10767978173327043	 0.10185900585743786	 0.98895389555409
-0.8150987277808138	-0.08946258611128935	 0.5723727017043869
 0.6859217747167986	-0.1638934096400257	-0.7089783277688565
 0.26319038573172276	-0.962551237026092	 0.0650072069691296
-0.9590575002950499	-0.2783534488919873	-0.052230916301998075
-0.419459676603556	 0.81195351689499	 0.40593726868260993
 0.392418879301842	-0.2595534845653345	-0.8824054690546059
-0.02052458670323878	 0.8965416723184021	 0.44248363940058194
-0.018032573367895533	 0.9879095038609358	-0.15397934432569652
 0.36948522559302377	 0.34149955062850834	 0.8642098848017183
 0.09793232201598794	-0.919751273955352	 0.38008795608656737
-0.517320775486925	-0.17625493605852996	 0.8374445729507177
 0.8183600279692711	 0.13900735323331662	-0.5576413008101192
 0.500569218414952	-0.010845515887492866	 0.8656285764463753
-0.8745707823224881	-0.38697691002103496	 0.2921896949216437
-0.4542469164670366	-0.690236189698879	 0.5632350675429951
 0.4899798619615183	-0.8195404178523076	 0.2971081257364675
-0.6958709697187303	-0.19787203577440013	-0.6903696480590731
-0.9692873776536478	-0.0277719873167183	 0.2443577218787962