-0.6155914797767537	-0.5740428874201347	 0.5399276742570447
-0.828138826367962	 0.37733455202199	 0.414493329394164
-0.758793383932038	 0.473096435093144	 0.447674394625296
-0.6912646399355769	 0.46794216755635587	 0.5506208544882739
-0.8293009194022938	 0.28562512635318094	 0.4802897794813459
-0.8761476048384892	 0.36803102831870005	 0.31131742118047107
-0.9223008102225	 0.270407917252531	 0.276117318815877
-0.74164040014504	 0.560484659936978	 0.368546418851188
-0.837490374176015	 0.527726713773742	 0.141825204854727
-0.861869798805555	 0.453017638192016	 0.227937424294037
-0.895976414946825	 0.431233292432675	 0.106132517904318
-0.9419505118616682	 0.3287866592095591	 0.06803356472623451
-0.9162426225916422	 0.31356583145019506	-0.24935100940910104
-0.9234444928747044	 0.35888616256228817	-0.13583442457895106
-0.9560958612432222	 0.28899254571085403	-0.04862111308003011
-0.982728381854061	 0.170316735274751	-0.0723680674320474
-0.8785846139235982	 0.4660127114218701	-0.10450468396181402
-0.8279502290382145	 0.5273657107125047	-0.19074544660427087
-0.0335364776325713	-0.500318962925064	 0.865191447025217
-0.10697383556312003	-0.5736515812864761	 0.8120840238500202
-0.29068148014499107	-0.6025463175026261	 0.7432645641793652
-0.18325937455784905	-0.6392494266913202	 0.7468441417802543
-0.14612799171014698	-0.7214658594367389	 0.6768556889810169
-0.22096898236912405	-0.7652681226284542	 0.6045968982053042
 0.008995887337511893	-0.8215314696719553	 0.5700922016214992
-0.027206887035943206	-0.7485363390486551	 0.6625353835241181
-0.28971602120435996	-0.8014620413472348	 0.5231856490167119
-0.180968962593838	-0.840953654600776	 0.509948218343107
-0.6801899044342927	 0.7066201213233818	 0.19501204590126497
-0.5337436748468312	 0.8380796293797422	 0.11287260243174303
-0.5849694262642094	 0.7833584635959846	 0.21014349347210415
-0.6139289678703033	 0.7841745017373033	-0.09034142590615044
-0.5760246448757232	 0.8173676373511674	 0.010283671852389506
-0.6749815802978848	 0.7378297317032187	-0.0026745603987382393
-0.795067244983866	 0.548964292031536	 0.257888119206914
-0.8022649690292152	 0.5944795575100071	 0.05445158557157511
-0.8654217700739993	 0.5006862584726992	 0.01893225973294021
-0.7559697727577271	 0.6537563151489892	-0.03335240740105361
-0.7681139056477625	 0.6209421376643336	-0.1563070363847649
-0.7159867561365421	 0.6380050954518871	 0.28339453631730505
-0.2506947088020281	 0.9426698228821404	 0.2202856509308321
-0.19192016476181104	 0.9737839242350692	 0.12211273176515303
-0.3790740396407243	 0.9250638063873416	 0.023660654737892316
-0.4338886609345411	 0.8932192465840623	 0.11789829279608403
-0.28423668980910005	 0.9431618365774123	-0.17220700970137104
-0.248995858583011	 0.926026522203575	-0.283682820389359
-0.41374378591170013	 0.9045313906276152	-0.10314573664832603
-0.3180686598857342	 0.9455818392966965	-0.06860985928253632
-0.07005531708700129	 0.9917507892461748	 0.10734348875189997
-0.020387885586445	 0.999774688922384	-0.00590808864732334
-0.0902520118075311	 0.990542454955815	-0.103345146450137
-0.2035631789242229	 0.9754821402726895	-0.08364583788376916
-0.054174617735191034	 0.9746249031217487	-0.21718979950303413
-0.134867982380909	 0.941450325320354	-0.309001476182077
-0.26113343558605995	-0.9596968206993298	-0.10388138023062497
-0.371569819828237	-0.925684131446235	-0.0710264583197095
-0.3028975982285321	-0.9033117517574132	-0.30377775449222805
-0.226846309113087	-0.948909129452155	-0.219344970501088
-0.11111552987280807	-0.9622240294102227	-0.24855232094398216
-0.07309197904633198	-0.9307119419391487	-0.35837528337058794
-0.6752919193343627	-0.7368995001655717	 0.030983065333227786
-0.760485200271885	-0.646876806742464	 0.056680305804607
-0.7117024532208392	-0.6562468139407582	 0.25063865877402713
-0.608034794969331	-0.7859784438922	 0.111944512341603
-0.580237309976824	-0.814447294602056	-5.18098688301695E-4
-0.7330546294402062	-0.6780764228716532	-0.05332236868205621
-0.700035673723172	-0.694650770734804	-0.165560750881626
-0.9263283098266982	-0.3766211531483121	-0.008507021502756291
-0.8747013457690606	-0.48434403786049834	-0.017561568801874112
-0.832202008273426	-0.549457971783071	 0.0744026523029294
-0.8434420173412612	-0.5047638388776771	 0.18389951154033604
-0.8452279100321287	-0.5194208832812248	-0.12566513483887295
-0.80268548219453	-0.548097079949483	-0.235128917032731
-0.320092040929027	-0.938589806477387	 0.128803185172695
-0.292402368399349	-0.956207740803635	 0.0129464814393659
-0.42890449466414193	-0.8890899153442128	 0.15987512905426496
-0.508088269994423	-0.85761170070817	 0.0796773537619996
-0.15825104164490603	-0.8996378387488362	 0.4069500791370181
-0.251885800833205	-0.912987479671177	 0.32094766754455
-0.374659310248879	-0.807975587514198	 0.454759113405021
-0.361977668458374	-0.864384205221275	 0.349015921272117
-0.4502590922817099	-0.8511142375684858	 0.26994685481750996
-0.28559141442604413	-0.42041651777638217	-0.8612128050528003
-0.41608232417407387	-0.5632031243059349	-0.7139171802680859
-0.30668411063729906	-0.5937578106428781	-0.7439062565829011
-0.240009263207149	-0.521880532832578	-0.81855742805569
-0.5201407409655499	-0.5242790287944299	-0.6742292707634239
-0.5392306366858752	-0.2370877383159951	-0.8080963586105013
-0.32438768305973004	-0.31347667857811606	-0.8924712897717062
-0.20834359570013	-0.341596567949833	-0.916463163960034
-0.604054532039261	-0.304718393160932	-0.73638632740719
 0.0799407410234119	 0.141216601676519	-0.986745838266148
 0.268175580562714	 0.212596838135479	-0.939619307168945
 0.19794846504341793	 0.12187398010655895	-0.9726063634173595
 0.3137500733410388	 0.10153047707207095	-0.9440616789723065
 0.03252720641997761	 0.2535083002723471	-0.9667861824289474
 0.09886479709795974	 0.34405765216218315	-0.9337291276828764
 0.0455263542289437	 0.45133118384998	-0.891194430837175
-0.0361088882054219	 0.616408185004607	 0.786598434814038
 0.0836599391231097	 0.601850460403345	 0.794214730345767
-0.0699209174967651	 0.456344048074886	 0.887051957375123
 0.04410928559580722	 0.4292683743282172	 0.9020992371828265
 0.0709001969230653	 0.322340341064044	 0.943964971065657
-0.02187882230122291	 0.2402930718002511	 0.9704537891004964
 0.0394224160626152	-0.420825182784926	 0.906284744793721
-0.0744368142557896	-0.38998823832251	 0.917806262047473
 0.010591172492262494	-0.5985712360266158	 0.8009995645859047
 0.5635359709698199	-0.05414434520375008	-0.8243152305432427
 0.5931037243691011	 0.15183563587838803	-0.7906793988823202
 0.6256710447501606	 0.039718667635647575	-0.7790752025334214
 0.42501549630878	 0.0805433797070818	-0.901595581113152
 0.4624404562957461	-0.032513244905613504	-0.8860540126237733
 0.49229366288371224	 0.17083353187726807	-0.8535003537614243
 0.44831750309519	 0.278566271470238	-0.849359905350885
 0.33445676071527325	 0.2996264342444052	-0.8935114297611586
 0.129279234725885	-0.614120911165343	 0.778551466467143
 0.05278052222982042	-0.6864285462670824	 0.7252793029880333
 0.12285257347978995	-0.8308893258565077	 0.5427063417421167
 0.6774963836612006	-0.19040081448681187	-0.7104549105810686
 0.7368111914073647	-0.09547128601901345	-0.6693239139331087
 0.810015719047593	-0.113548800191638	-0.575309659983952
 0.8275989793034452	-0.20651792267356206	-0.5219485387186101
 0.6934793764903266	-0.30210831142119887	-0.6540771533640507
 0.8811726376026898	-0.20718983867158294	-0.42497900358907387
 0.7717951431525177	-0.4092129919016019	-0.4867000968410879
 0.8315815378855872	-0.31187246622538806	-0.4595734007297811
 0.7032427577633968	-0.4042699275269779	-0.5848208694554808
 0.0182244627709593	 0.92016287439017	 0.391111433674254
-0.05359548298901842	 0.9512585279349635	 0.3037017241211851
-0.03419413479286511	 0.8742764796809592	 0.4842224676968601
-0.16062916911429903	 0.8564884586519023	 0.4905362272307101
-0.019964773717551915	 0.7545768986120726	 0.6559078532014945
 0.03506564029349491	 0.8201479984309343	 0.5710758807203642
 0.5685500918335463	 0.8168152610966416	 0.09779377442195217
 0.61484733480796	 0.788608909328537	-0.00766439868509118
 0.4154233339842641	 0.8783292401391403	 0.23656119609521606
 0.4632790490176372	 0.8777397235469124	 0.12225179118975506
 0.4710335020222882	 0.8197943641862123	 0.3256756675300492
-0.9647685265525507	-0.26309997894452797	 3.0208113022823596E-4
-0.6911883805525689	 0.36931572021814696	 0.6211799428417409
-0.28080531192358094	 0.8204583784695267	 0.4979923955189029
-0.569250162811255	-0.582278400348585	-0.580436143453225
-0.07171043943334929	 0.4679168462484139	-0.8808583528997238
-0.567373060585861	-0.11988120180723	-0.814687858983235
-0.666971917109529	 0.0187752615345982	 0.744846260205116
-0.761489228684073	 0.587739444930658	-0.273306603415903
 0.024298047350823294	 0.9923899173837167	-0.12071394604633297
-0.8422415887291144	-0.4529731158723682	 0.2923088478167151
-0.524785824531361	 0.843894267223603	-0.111545076619624
-0.994796429778576	 0.0486910618559114	-0.0894943785672738
-0.9374768288264238	-0.15878103617361297	-0.30971886924303793
-0.955558328531824	 0.252418453091025	 0.152293155829804
-0.789012241290768	-0.512183874591646	-0.339304231776746
-0.41120251290854426	 0.16335664371404512	-0.8967870986651075
-0.11772511133775602	 0.6696067953670971	 0.7333263514689211
-0.115663738162171	 0.15734971187066	 0.980746128133358
-0.2758236101941631	-0.12516256807893106	-0.9530244842664565
-0.4427347702478072	 0.2675563796097791	 0.8558034277471254
-0.22006725038732	 0.72118700918725	-0.656855922624219
-0.35008992755286805	-0.7329093376857951	 0.5833360483966311
-0.4377153540676371	 0.5980248286264541	 0.6713952436231161
-0.2559028084238921	-0.6849492096212302	-0.6821717766662713
-0.6283749318507728	-0.7456012424771977	 0.2218642202744639
-0.9416153297172184	-0.11118634337137105	 0.31780208918324915
-0.5744195268133981	-0.7564180907014202	-0.31284801305920107
-0.26796247649030897	 0.4142648785294029	 0.8698164873179858
-0.12409382838454802	 0.9688780215547522	 0.21418707034976606
-0.187082450313503	-0.352780304419965	 0.91681307451304
-0.5229887016833493	-0.24376917711186116	 0.8167370483832426
-0.5557219902397801	 0.6469965186855661	-0.5220810036504832
-0.7619419596625342	 0.3948538170423091	-0.5133565167334841
-0.8756141974004095	 0.16154145064931008	 0.4551968113167682
-0.4774258608720729	-0.8779832848753458	-0.034783600303268096
-0.6813780703535739	 0.16087857344238599	-0.7140322190548429
-0.7450894267251489	-0.3117925561555969	-0.5895991418823029
-0.330518552611631	 0.874781901027132	-0.354279708725845
-0.7613438134630871	-0.25758561699577903	 0.5949834011284582
-0.3756341766446509	-0.8427056820375157	-0.3856761579332859
-0.03381769040716811	-0.8865910775476912	-0.4613161876938081
-0.48265966109586	 0.847866735056521	 0.219457629476455
-0.816105403818492	 0.0373814630177861	-0.576692809111494
-0.0373937030950338	 0.159064396571964	-0.986559794798084
-0.4201754963937551	 0.4550140556232451	-0.7851208578400832
-0.32713661907162217	-0.4947909068062602	 0.8050860767670913
-0.07074650010995052	-0.8680287277048263	 0.4914479225730162
-0.8150578000382194	 0.46892015715229624	 0.3402861572458152
-0.916329983683811	 0.400027342274503	-0.017818149029127
-0.06485966663059461	-0.6660309325321171	 0.7430989305300921
-0.16880819531236993	-0.4448885429907778	-0.8795328177566336
-0.7253977095300462	 0.6830641448083652	 0.08497962747493992
-0.25637546411885	 0.966178890877883	 0.0277483732825582
-0.8086372919698568	-0.5871655187397928	-0.036638553992843895
-0.3435851750464211	-0.9076829231837802	 0.24095837492992006
 0.653527440474538	-0.293287865758402	 0.697770816490401
 0.5089314792865948	 0.8607428491704877	 0.010511754992836894
 0.409568022887988	 0.717892189590313	-0.562925251479138
 0.527481578562111	 0.0551476985748721	 0.847774684464875
 0.21632009835603194	 0.32119747893165995	-0.9219749424876917
 0.12052002282481103	 0.5070521322588871	 0.8534477484122992
 0.8888264647096614	-0.09872680390570394	-0.4474824396803632
 0.156600995129695	-0.441653594997731	 0.883412831211982
 0.78101130675373	-0.585097804365235	 0.218361851177838
 0.655043332547768	-0.0754869404399735	-0.751811116110773
 0.553742749446321	 0.260205162511069	-0.790988142033885
 0.810635163903125	 0.515109781334421	 0.27844666314639
 0.834309245231659	-0.398975413788399	-0.380455914020738
 0.62447628081304	-0.393119162960028	-0.674897546606535
 0.9179547552241603	 0.15613940768942702	 0.36466361585404605
 0.6199992704436781	 0.7625857248864452	 0.18456412665716407
 0.08751698651071678	 0.8730329725288508	 0.4797438962087189
 0.36593819827476615	 0.8628972984707043	 0.3485648968777242
 0.8104110029433257	 0.1975004333927589	-0.5515682959689268
 0.21079571704410313	-0.9723465296534977	 0.10053552579393207
 0.8300643445487593	-0.07098183557553843	 0.5531317771807782
 0.9497890066619246	 0.1716279431184319	-0.26161936465997887
 0.05824698715176617	-0.6545896490803227	-0.7537371423809777
-0.009203477415656981	-0.9869151899784032	 0.16097733937841002
 0.530280474857908	-0.7094664923067	 0.46417659815904
 0.9977787286261732	-0.012798277052629203	 0.06537440482040031
 0.049322289565352714	-0.10235271471061003	 0.9935246517039222
 0.13252841128624301	 0.6960076305219262	-0.7056979512916262
 0.5031628940050329	-0.8468201827635058	 0.17240266865934198
 0.14258645805923398	-0.3826097020064619	-0.9128411241331368
 0.012234191292106294	 0.9011657049294626	-0.43330208495045686
 0.28988589029398804	 0.9212410262110842	-0.25938608720209105
 0.5061334373251952	-0.8510185155969593	-0.13998724846403304
 0.9402066622893722	 0.33819491743674013	 0.040442922825073016
 0.45251262133034525	 0.46313572012198434	-0.7620614360298196
 0.63302240686882	 0.563402135339357	 0.530905515414051
 0.6062637038784452	-0.6689287107648842	-0.4300915033734322
 0.4223323404564373	-0.23477801712374916	-0.8755082391845486
 0.9834089503045225	-0.12000916744622706	-0.13603174699246007
 0.07607446245544879	-0.17498124685300998	-0.9816283611489027
 0.734656656355277	-0.424610527800247	 0.529136557945187
 0.6074546228733452	 0.7325195646403422	-0.3072685609835891
 0.262161404000514	-0.877703525952474	 0.401133293037457
 0.08718961560638068	-0.9773039288508628	-0.19306734986288995
 0.2085779735443241	 0.18278792183955106	 0.9607725040724895
 0.32552270745293815	 0.7046206939012133	 0.6305114151692114
 0.7797165216453937	-0.6166866224026188	-0.10835015285110697
 0.7897484279796697	 0.6121151957220577	-0.04015479634847388
 0.39799023366374875	-0.22617131294586587	 0.8890727254328624
 0.7407739932162719	 0.23279009458842095	 0.6301290842644329
 0.2906180338761539	-0.8601851580621258	-0.4190735642289959
 0.4560451371205191	 0.4007148190058951	 0.7946385761701982
 0.36254304273853905	-0.6290168792079281	-0.6876774736992631
 0.6713832287234341	 0.5128946358196091	-0.5349613563018991
 0.926674048473364	-0.372563038147505	 0.0497191159644504
 0.4326418558586708	-0.5206668798347218	 0.7360210763302507
 0.246681297682872	-0.61847014539828	 0.746085126928908
 0.28445616591056305	-0.6946395152162971	 0.6607273519202381
 0.5045144179117699	-0.6554067186913649	 0.5620562562709949
 0.6001548673337322	-0.3975544535516092	 0.6940926391173673
 0.4534444524069427	-0.31931024492735977	 0.8321232457189245
 0.27758671001399515	-0.44627134658661427	 0.8507570179783276
 0.96542435850907	-0.200255681872812	 0.166893588477826
 0.9814282573938364	-0.18860356973559908	-0.03503240031580551
 0.890807915182575	-0.430845997002909	 0.144336361027442
 0.8148616769300566	-0.5795918674179358	 0.008585726161832877
 0.9221365782900526	-0.3527033249190458	-0.15894809080502992
 0.8068755492376873	-0.5547914445475173	-0.20287508742884008
 0.5513443636834767	 0.45435488849001476	-0.6997006702438467
 0.774486580781631	 0.306463085525886	-0.553399415792185
 0.612048929082762	 0.671956212124352	-0.416978365621212
 0.49304741051296014	 0.6343907011384301	-0.5953592942883781
 0.820237903597634	 0.446035213146453	-0.358137362104482
 0.7596556913623697	 0.5496369615328698	-0.3475952259420068
 0.5450756911530823	-0.5775016962403423	-0.6077699250156404
 0.3633529639855738	-0.42991700709118685	-0.8265264609053087
 0.5473759614997752	-0.4793499330344052	-0.6860052466797233
 0.26467022377250904	-0.5973015240027421	-0.7570868920224493
 0.236910887486751	-0.769614513362419	-0.592930630185494
 0.2713702003514	 0.371363775467181	 0.887945471654652
 0.480866196121393	 0.566205506741245	 0.669461743166577
 0.5860240699329141	 0.23832485011492405	 0.7744527456707492
 0.4800153308258981	-0.8088108263701722	-0.33972095802070107
 0.125314557573245	-0.808681014365037	-0.574744533393539
 0.170194957556605	-0.899236861200766	-0.402997200834075
 0.3691442662171762	-0.8673890949640095	-0.33371944602689724
 0.8333306203761173	 0.33282323633018307	 0.4413488082030571
 0.8171940789341815	 0.1675271172526131	 0.5514784695162124
 0.6782262854366565	 0.17982992535523415	 0.7125098621700096
 0.7615309858116119	 0.3970718028942529	 0.5122543713772509
 0.8686109768273184	 0.33687888379866915	-0.36335600804948115
 0.8225899384745655	 0.5083746988432634	-0.25475666565652816
 0.8777497917754262	 0.40120339724605814	-0.26189909712791604
 0.8741751174536854	 0.4593436615068172	-0.15754765837151008
 0.186174519219909	-0.246234505990306	 0.951161193727407
 0.2503292301866309	-0.046185167376488076	 0.9670585333001176
 0.33959298839029917	 0.028765727245973014	 0.9401325093688424
 0.5352575407766731	-0.06857639195058411	 0.8419006137952082
 0.8902854462752956	 0.4531150596910818	 0.04559130214794408
 0.7880529846990253	 0.5879000908847942	 0.18260880713867209
 0.6699320566519699	 0.7379412965811709	 0.08144742027935759
 0.6770886383951918	 0.7018094611183429	-0.22139208667187393
 0.6914210518578793	-0.7177956284592653	 0.08189239776995383
 0.6554112131804923	-0.7548242463795053	-0.02600958890269451
 0.7539845097174996	-0.5766529419351267	-0.31460887410183686
 0.098568363348797	 0.752154618384536	 0.651573255888816
 0.26812849850336	 0.7885680637446	 0.553414417170737
 0.432582191902034	 0.66496757340984	 0.6088438006276
 0.14861593079043095	 0.6722759195519706	 0.7252298898320767
 0.18556841872161697	 0.29429465108474195	 0.9375260104744128
 0.115946899789672	 0.0994285874646168	 0.988266296310845
 0.050023314998894224	 0.9947160831294765	 0.08965256226162065
 0.3535451514123932	 0.9239560853344324	 0.14598280133721006
 0.25504985394878593	 0.8947180797756977	 0.36664578236111095
 0.07052274223046753	 0.9543593824800405	 0.29021494086385513
 0.32851324395343906	 0.9427641448928252	-0.05722600502995561
 0.13944242628915496	 0.9808034681837126	-0.13630981824283595
 0.007274894677921008	-0.9609503661749558	-0.27662514284794093
 0.128859019116731	-0.991589460302217	 0.0120704353621669
-0.06516991584093373	-0.9967656503159724	-0.04702255224317812
 0.2847702221958301	-0.9499455900724495	-0.12848850708309806
 0.204589320780687	-0.767719005305461	 0.607248498322796
 0.0405026231499543	-0.8829883619057	 0.467644191941974
 0.1960197086783711	-0.9565785570801104	 0.2157168003289971
 0.317748257865571	-0.760282895261201	 0.56657388202832
 0.4007378298746589	-0.8880484100762718	 0.22534243512564395
 0.449572594817196	-0.791405138539806	 0.414200903767874
 0.43005675067656	 0.8238075190875	-0.369313366522818
 0.480327318085284	 0.857879280330643	-0.182561791951045
 0.8341956514101307	-0.4302682014298589	 0.3449447637039039
 0.8513321122080126	-0.2584426815526479	 0.45655340878731876
 0.7401415681827952	-0.24606185823397406	 0.6258146858059153
 0.6993296005212407	-0.5804970516453788	 0.41708666109793585
-0.07509972502193453	-0.05230596948813712	-0.9958032520822254
 0.12331478588247498	 0.028804093622887994	-0.9919494885191098
-0.243484644497127	-0.234610389687745	-0.941102116108912
 0.026333444553848794	-0.3761862248241859	-0.9261697867834258
 0.2773746134910261	-0.10233056690497404	-0.9552966967741544
 0.2287682575716429	-0.2972707834922709	-0.9269817504188126
 0.8891621433615112	-0.29106396449035005	-0.35308986304894613
 0.9888608583278552	-0.003643452601400291	-0.14879827996398004
 0.9339674215802578	-0.03098630292510419	-0.35601222515211295
 0.495460235767052	-0.145786964434579	-0.85630912395852
 0.6119038956635089	-0.28319782791407494	-0.7384934750805668
 0.6775580818527287	 0.6024611878354608	 0.42184779585525484
 0.5286328892748772	 0.7445759226191562	 0.40761987664088223
 0.39709885236290415	 0.3819601848940852	-0.8345171769399004
 0.22535508588687295	 0.5095782196894889	-0.8303885375431258
 0.25316962964879697	 0.6673732130636989	-0.7003699972932349
 0.9561102177101862	 0.28662524962517905	-0.06082119587351501
 0.974841159213134	 0.157799024676603	 0.157429927634825
 0.9140681309105115	 0.32161416693851586	 0.2470703941758469
 0.456941320861714	-0.888901903283471	-0.0325274596022337
 0.2401351102707741	 0.8581319672973773	-0.4538112553888192
 0.09441114101082444	 0.9350421191204984	-0.34173494396049414
-0.18320098044072097	 0.8489743563317128	-0.4956611171523469
-0.102686424029429	 0.903444923068153	-0.416224421799619
 0.166139075076791	 0.82415334838638	-0.541450889810098
 0.011338443549453094	-0.5661395789995418	-0.8242314097315737
 0.6392877503424732	-0.7138086153851052	 0.2859867704353801
-0.0579230513537993	 0.643420911449537	-0.763318053521147
-0.0074754740426551	 0.552406740038318	-0.833541187253561
-0.09188555907925132	 0.04389160232059311	 0.9948017748669452
-0.149953799516511	-0.155453081201069	 0.976395512871529
-5.10572094109238E-4	-0.307165599303946	 0.951655943038441
 0.9621567984593262	-0.023278506941189603	 0.2715002878324231
-0.20859157564729697	-0.9730422117226037	 0.09837890411547578
-0.13995010101902103	-0.9438184129381583	 0.29936728716354805
-0.192222517327068	-0.615147271634385	-0.764620388188294
-0.07636181397938469	-0.7759471816932297	-0.6261588014139159
 0.8772279466462626	 0.1547013908272751	-0.45446519041494127
 0.6972199965928647	-0.056155097651438474	 0.7146543789544727
 0.8850900029112432	-0.017536315227134103	 0.4650894154835501
 0.6837351625008689	 0.13466366738976798	-0.7171972701042919
 0.7867326267432956	 5.929140831502475E-4	-0.6172936274338855
 0.520073136682042	 0.827745752267279	 0.210620279425269
-0.0849992413816288	 0.816687920185444	 0.570785397489916
-0.10843238428172097	 0.9102084561685467	 0.3997036206469139
 0.769074722685183	-0.308684401678414	-0.559676702290839
 0.754911534296769	-0.207620088831985	-0.622095229124205
 0.0894273671356365	-0.764015180923423	 0.638970695201069
 0.16955010421196198	-0.6959388987789569	 0.6977978298390198
 0.383097058849263	 0.191702500228127	-0.9035965885877
 0.529739122150334	 0.0595641030565105	-0.846066534080191
 0.0840812258957047	-0.523236030071377	 0.848029718988091
-0.044668330020750414	 0.34945485883628613	 0.9358878361902502
-0.0011555710167892707	 0.5307688669438884	 0.8475158255388076
-0.018579133830494598	 0.36348376005455396	-0.9314152521634548
 0.15015753879511506	 0.2331489380868551	-0.9607779588499964
-0.565495714885325	-0.41757460265992	-0.7112285481192
-0.504324508117202	-0.350673232413794	-0.78910396943673
-0.3977244140074211	-0.3888626656749911	-0.8310241378844502
-0.43529388683457226	-0.2782444397336072	-0.8562121605313615
-0.462758031834784	-0.459683926298861	-0.757987923304099
-0.354197410866416	-0.494772238155273	-0.793564506821184
-0.5327345959264479	-0.8243733221742219	 0.19131773569254198
-0.46401803315068413	-0.8016055604500322	 0.3769824801851681
-0.26869573100882194	-0.8645482680465127	 0.4246868214995729
-0.401767177944012	-0.914571181685353	 0.0462891818631729
-0.773357363486585	-0.615424273425194	-0.152221391467001
-0.9016871104316903	-0.4160370721119801	-0.11778586294560103
-0.7776805482196822	-0.6063690348740362	 0.16592033771260403
-0.6444889031384855	-0.7602530173202626	-0.08154387399914508
-0.6990400296020158	-0.7010234017833777	 0.14110006082944798
-0.19044440962462408	-0.9240813146003725	-0.33136784824297016
-0.33839855073992603	-0.9219065188018433	-0.18861280828136906
-0.1689142024908241	 0.9656226841565504	-0.1975875098258691
-0.137649124103905	 0.990400024484915	 0.0126692593985459
-0.479857751084273	 0.877342272709232	-0.00265993265765868
-0.361142033583982	 0.90186502070583	-0.237098958256039
-0.31695318217627916	 0.9402144067014234	 0.12464970814013605
-0.6264276593805187	 0.7185138428477067	 0.3022023249402059
-0.6578814507657692	 0.6441093540626832	 0.39027571887997303
-0.8230718331608468	 0.5637528387798239	-0.06881492734089899
-0.6979496580604772	 0.7058707518729012	-0.12088323483282702
-0.7653907113092747	 0.6201061636747448	 0.1721784098372189
-0.6337586181561521	 0.7664819436639793	 0.10418946179865403
-0.10540927495697897	-0.7998736153898208	 0.5908393048505329
-0.275412605837787	-0.689339576397197	 0.670043912708841
-0.21869317935746918	-0.5383433510303645	 0.8138548578855568
-0.8777925018163037	 0.42436888491045494	-0.22224170012608294
-0.9760572290702898	 0.21413887111814195	 0.03816843533439419
-0.956169320966988	 0.244256601046109	-0.161489759696803
-0.9149667865764423	 0.35495558307137104	 0.19194351645325805
-0.679998384073262	 0.559835700071848	 0.473483037270414
-0.885622717944618	 0.260829922387337	 0.384239707796843
-0.7646846362646417	 0.38035953311101783	 0.5201769243559168
-0.516684247204872	-0.600840538588476	 0.609941010163315
-0.3729199498441749	-0.3880649266335669	 0.8428145251033008
-0.5440397140292428	-0.4291160814817078	 0.7210271688173506
-0.5154123677434248	 0.5942308814341548	-0.6174461520870498
-0.6264284158889409	 0.3927171751187399	-0.6733206220914589
-0.47672121487922786	 0.3468735481208399	-0.8077224925047788
-0.253953293787636	 0.378388225601519	-0.890129246402198
-0.4046613917463891	 0.6239217119601981	-0.6685587897668621
-0.20059657194064895	 0.2826273936596159	-0.9380206669785228
-0.22201876919419394	 0.07582152187840929	-0.9720898944776338
-0.745512593184592	 0.220526580508962	-0.628950714040623
-0.8605871505396042	 0.21444176542009705	-0.4619572334855651
-0.9185599469548712	 0.029177835436486107	-0.3942033457106951
-0.695233922349294	-0.251324684146029	-0.673413466121457
-0.6740489276080469	 0.046242336284107795	-0.7372378785205149
-0.8510989224465713	-0.14105479570716303	-0.5057016598927631
-0.5644212268079278	 0.7190282346683519	 0.4054960868841369
-0.35263015604199505	 0.8407527236715002	 0.4108367445698501
-0.231944824075338	-0.824269322144366	-0.516509131725982
-0.36496110137243887	-0.6595738198260748	-0.6570888605699058
-0.5489985799062269	-0.7215771334955078	-0.42181393964324193
-0.5112830241898068	-0.8265563153979757	-0.2353599937352309
-0.758522844378779	-0.43728299394419	 0.483142502542192
-0.7254689023669053	-0.36735145949975717	 0.5820204265332583
-0.8046441774125932	-0.028822169176426507	 0.5930573583726761
-0.709271664769916	-0.179714517584822	 0.681642426587259
-0.8547144167999222	-0.09846955216282813	 0.5096734376159121
-0.5152550871869349	 0.7737895192877878	-0.36845891896975197
-0.8554062323267837	-0.31367633054943284	-0.4121739163866868
-0.7060994257615241	-0.4281918772477951	-0.5639816638847891
-0.5017891575306442	 0.08946664827873704	-0.8603507193176834
-0.7508884102021733	 0.1698200559597751	 0.6382223311808133
-0.9476984349143928	 0.012766819690957196	 0.3189117194080349
-0.6555116301736221	 0.6011543713809901	-0.4570754034912041
-0.795441215247266	 0.443750575148077	-0.412745321162704
-0.3414333727183981	-0.20222183586763307	 0.9178941012406953
-0.31903830594160404	 0.11284989356795103	 0.9409991821800983
-0.5537322217727871	-0.13125358676075402	 0.8222853048261353
-0.5031001083226573	 0.06708487322834644	 0.8616205085707206
-0.610029652774719	 0.728809142626935	-0.310967934615368
-0.25294714992624606	 0.30337551235687105	 0.9186844060102443
-0.2289732362577159	 0.6210884400303508	 0.7495468008992726
-0.358984615967344	 0.460174685561255	 0.812015581295937
-0.7089330553997529	-0.5771939543025189	-0.4052913298828299
-0.9696894651075875	-0.2192693515923891	 0.10781137561321805
-0.9929281579617573	 0.016141266546311903	 0.11761433858570403
-0.9353471885209644	-0.28559362439660513	 0.20871492191488908
-0.5516658933265373	-0.7268147555357842	 0.40915162626548623
-0.494885645946236	 0.709150460905194	 0.502189029384681
-0.5920635919294608	 0.6387663479443787	 0.49136366964335676
-0.314417151560878	 0.743064666797051	 0.590759473696471
-0.6150831568987929	 0.4513833286271709	 0.6464718097000599
-0.6081248587067309	 0.22480789641785595	 0.7613445776592208
-0.39013003582732425	-0.08878958050890165	-0.9164687477150676
-0.914722022730005	-0.343836721064835	-0.212273244616723
-0.976544122482561	-0.189089620567316	-0.102988796664849
-0.980456703775272	 0.00463173973565731	-0.196680448975362
-0.9539029640389804	 0.07847851202289284	-0.2896726744936781
-0.9418318324771312	 0.19754577827059702	-0.27189789410775705
-0.9752940816173172	 0.12527519091662404	-0.18195488699960002
-0.9523153381464232	-0.04126117601010141	-0.30231277195204204
-0.9721192121896313	-0.11433589628499703	-0.20472308153336605
-0.9926447823337352	-0.07123133149530042	-0.09788990509249813
-0.9891510531934712	-0.14684045477279303	 0.004251447796496771
-0.9502876590157174	-0.2305986072584771	-0.20923108624886108
-0.8611578951241212	-0.4542560698091851	-0.22816332463151506
-0.9466337817268092	-0.30410809478791406	-0.10678365969597103
-0.9096270736659042	-0.2732524932890161	-0.31290839197014203
-0.8677881658700975	-0.3862737544990423	-0.3126280309905462
-0.305820678972796	-0.014151740015506	-0.951983949742406
-0.33356319994937106	 0.09802974823415163	-0.9376170647448162
-0.41757466776579305	 0.029188557048717607	-0.9081736755586463
-0.4941858868829608	-0.04347132424288308	-0.8682687102356457
-0.46779976762543124	-0.16340370603214008	-0.8685980694570733
-0.35901553511857803	-0.20276529726437306	-0.9110401087596592
-0.6778592098839961	 0.13794261266092803	 0.7221348400317781
-0.5956327379426358	 0.10309145817699995	 0.7966139546492387
-0.5218282074991533	 0.1870271816839341	 0.8322957137758104
-0.531930913808715	 0.307937384344163	 0.788811809152158
-0.6862813266943957	 0.2583134121773949	 0.6799206731081586
-0.6139962409118148	 0.34307653732038385	 0.7108495661435097
-0.533891406884303	 0.423537276696213	 0.73183067775535
-0.5307018916759528	 0.5281922807794938	 0.6628487132796756
-0.44566379324608413	 0.49887124036292013	 0.7433110176287401
-0.20607129719237105	 0.7885811742128992	 0.5793741037968981
-0.128792893944438	 0.744831365943713	 0.654704992172688
-0.232325669301903	 0.703930409078278	 0.671198005478496
-0.3908193799012399	 0.7698648989055068	 0.5045475693399228
-0.3345957819506618	 0.6564165610594037	 0.6761382706723317
-0.418714208113072	 0.688196379970468	 0.592506670443284
-0.6091728806363349	 0.5491839464477068	 0.5721061041986459
-0.5184340384594853	 0.6234184905874304	 0.5852995244832163
-0.4622433029734052	 0.7849645592226333	 0.4125066903950212
-0.448600768851904	-0.681996831178206	 0.577613774462111
-0.4569405878326601	-0.7446020444212271	 0.48659335654617414
-0.5496783571392182	-0.7795899216582133	 0.30015538932638014
-0.6345713136593369	-0.6382119955744189	 0.4358952816739149
-0.5468111317442721	-0.6645219156831021	 0.5093213227201551
-0.6362108036325802	-0.6967264731265532	 0.3313729545177471
-0.7136203102730273	-0.6025364420799262	 0.35734561524033315
-0.7837933546519495	-0.5574133094058933	 0.27378528028477617
-0.7014165557919724	-0.5418022173462572	 0.46310384638826524
-0.7768840826716397	-0.5015512494194968	 0.3806539981363478
-0.895906041518476	-0.397055027564191	 0.199247759979113
-0.888160381949485	-0.34279537434256	 0.306043244108883
-0.9212294355645665	-0.22900250122518212	 0.3144744528288442
-0.9615956984273826	-0.17094332812693191	 0.2147372611701159
-0.8916484452036706	-0.4435327578424878	 0.09078404533018895
-0.9373537152069068	-0.33357073078882893	 0.10049169193926297
-0.9829346515822917	 0.13499669163295708	 0.12496144992338808
-0.9955961488730775	 0.09200630446496294	 0.01797632575911221
-0.974405402221374	-0.0541082254646456	 0.218188936609695
-0.9720424180412502	 0.06377366956450552	 0.22597888529417207
-0.9884389570719853	-0.10260439480399802	 0.11162780258229303
-0.9995563427733164	-0.028130337168351113	 0.009787836963664785
-0.6643283009342091	-0.6975442863443171	-0.26851420291348504
-0.7331244009411899	-0.6149677667471989	-0.29041910854243796
-0.6138422721361664	-0.6286860315860864	-0.47744270716730725
-0.6442213537116869	-0.6667000903457959	-0.3748197392811499
-0.7424013233678859	-0.48448878057147987	-0.4627211866361559
-0.6623701873712403	-0.5360823556021912	-0.5233368350248182
-0.4489706820092041	 0.38666842964486203	 0.8055512722429071
-0.3580216565488942	 0.3435276508216122	 0.8682218878621814
-0.260597169128908	 0.527949861689067	 0.808305671750789
-0.3473516850027482	 0.5674496207924683	 0.7465572548627705
-0.17276239893497908	 0.48025524291484023	 0.8599465420402823
-0.13447723061507905	 0.5702935104877332	 0.8103586775876943
-0.13796351552863803	 0.26775929625069506	 0.9535570395389632
-0.15934504149742204	 0.37447391121315105	 0.9134431824535723
-0.3416708498325361	 0.22846037413142506	 0.9116287006377333
-0.23111067074141994	 0.19170845067353495	 0.9538530955077957
-0.6951252390455801	 0.6784236207167131	-0.23778623361214707
-0.617674404195941	 0.761326379424221	-0.197130602378212
-0.5878380081146812	 0.6915346531066202	-0.4197931630797132
-0.5349615575424781	 0.8067511078049743	-0.25093581252418506
-0.681297323343472	 0.642544491659374	-0.350671546383817
-0.4249580863238821	 0.14929777494466703	 0.8928162180787912
-0.4015008470208401	 0.03125154180093831	 0.9153253033630242
-0.4799383884956311	-0.050676596612315813	 0.8758373283915282
-0.578168590823975	-0.0154230274225395	 0.815771543270383
-0.6474121427675841	-0.09826090523274153	 0.7557792745900932
-0.6209539735079659	-0.21223952142501595	 0.7545664638253867
-0.450900565837992	-0.166462066951883	 0.876914511222779
-0.3744408357624719	-0.08620715706581017	 0.9232347407805518
-0.29326601768811683	-0.004143816672849078	 0.9560218991491436
-0.20717540130983092	 0.07741429899963946	 0.9752360634238796
-0.26372381425670705	-0.12126663647525902	 0.9569452192638153
-0.2277677190057419	-0.23762158276178288	 0.9442763629280926
-0.30187084274543013	-0.31554143308499616	 0.8996152501524365
-0.4153960504864917	-0.27919071978657184	 0.8657359084762974
-0.817693161422164	 0.488156520907175	-0.305091961315322
-0.8348725223136088	 0.33175935479457097	-0.4392306933628419
-0.8626258772919116	 0.3801623840125438	-0.33369620556467083
-0.8948264049328948	 0.26617742828198593	-0.3583786847847669
-0.743491861044992	 0.547496872221586	-0.384014358413113
-0.7140747891151561	 0.5021473605581721	-0.4877962933793231
-0.6200068752233489	 0.5531239168445119	-0.5564579115174519
-0.9278057153412508	 0.15376782851821197	 0.33989999925405096
-0.9566571312600408	 0.17126724092153997	 0.23553060394868494
-0.9105745860329247	 0.06740512958604218	 0.40781180926556887
-0.9083840840741876	-0.05326733822523328	 0.41472996814686286
-0.7588092211718167	 0.2829516573882469	 0.5866403714763118
-0.8176273722406298	 0.19262518419100794	 0.5425689067558729
-0.8155066300817002	 0.08744354304575871	 0.5721036296619642
-0.7458230071798373	 0.05262671451750142	 0.6640620986627064
-0.5991041305116338	 0.22153451541951188	-0.7694132175117226
-0.511010877683229	 0.209507502319666	-0.833651299621845
-0.5834018415028263	 4.789778407914672E-4	-0.8121835149221753
-0.5940989090919032	 0.11245577491847106	-0.7964924261430844
-0.6599222732204909	-0.36826587659634796	-0.6548914699721039
-0.617965668301229	-0.479638962383469	-0.622948552100994
-0.8129255871246204	-0.42391932623961015	-0.39930488932474417
-0.7844875040578678	-0.36934000087620994	-0.4981639486452409
-0.8224805415381498	-0.25522597376255496	-0.5083163002580849
-0.8882923943452422	-0.20272929832139505	-0.4121133991397411
-0.29845580525194704	 0.8349287580012053	-0.4624046943684471
-0.2617382202501469	 0.7838019895669708	-0.5631585435835489
-0.3352005579793101	 0.7078873237389532	-0.6217202930740332
-0.4856919720201509	 0.7331308985056759	-0.4760487306688649
-0.375392778312758	 0.763437898040394	-0.525588087599304
-0.409147527557806	 0.808492813622668	-0.423010249301168
-0.43653487079469383	 0.8430429494415597	-0.31419085279036385
-0.4583943957105881	 0.8664970898880032	-0.19762937837464006
-0.893570013482597	-0.169737235298002	 0.41559824585542
-0.833566125045839	-0.215322126412202	 0.508727723889108
-0.7874259070422818	-0.14453857377150198	 0.5992236991397619
-0.8659382700582462	 0.024242701439666406	 0.4995630129177291
-0.6790436364109089	-0.2913794547334809	 0.6737935538494478
-0.7311666834161327	-0.06476210319973107	 0.6791179213151427
-0.5868002639064748	-0.3226566841038389	 0.7426695863453727
-0.8017442236443784	-0.3282682686843312	 0.4994458365307142
-0.6396597829105043	-0.39930223116790814	 0.6568052148934393
-0.6785558082298361	-0.4732867253854911	 0.5617487789852621
-0.8669515215262925	-0.2835366258810932	 0.4098805205266673
-0.828495541504405	-0.394485328612518	 0.397462530582188
-0.5459014319969723	-0.8299251437343034	-0.11496035117052705
-0.6065179956152784	-0.7709511807442275	-0.19434556311865414
-0.444848359175256	-0.882310898158615	-0.153744646507189
-0.410039185508155	-0.870535550717617	-0.272095059279995
-0.4782028803061612	-0.8045899034779054	-0.35207540738925014
-0.44859322642884286	-0.7661121789080427	-0.4602567180725689
-0.41199337572127	-0.717439783611073	-0.561730910003971
-0.5151672718673039	-0.6774945939029339	-0.5249797683997909
-0.4696779488441571	-0.6249002969350391	-0.6236202716878642
-0.3042801024283652	-0.7475726902980324	-0.5903801249929963
-0.3427848831153739	-0.8005274125284698	-0.4915835490514839
-0.116063000830138	-0.836339242713471	-0.535785452336811
-0.19238084333128805	-0.7673597840304742	-0.6116768533889821
-0.15344884014836302	-0.8860211525970543	-0.4375156804135251
-0.26726767427749987	-0.8702463496128167	-0.41381068288755385
-0.30508780260993	 0.898489888259906	 0.315653850591666
-0.18088478471530897	 0.9327446002277527	 0.31187851064872396
-0.234233049920293	 0.883537578432472	 0.405581343040728
-0.42055018943177513	 0.8496669140842162	 0.31812524778694207
-0.3722852026013279	 0.9015603915688057	 0.22043726608355094
-0.527911114972701	 0.788893284080711	 0.314574698633934
-0.9097554830516212	-0.08862624587695343	-0.4055740987776081
-0.8685142580592573	-0.02490163728522371	-0.49503827327621125
-0.8025112166776424	-0.07956314477053975	-0.5913082555662422
-0.7782126504322406	-0.19543736342234316	-0.5968159747239935
-0.743340549280055	-0.0173352085693037	-0.668688506211887
-0.7535359361846378	 0.09929320427941828	-0.6498649494027718
-0.7233309516100173	-0.13364737459026002	-0.6774442513654372
-0.658268036507461	-0.0692101509868959	-0.749595322232592
-0.6355989769666439	-0.18774677458343095	-0.7488424995367678
-0.913587857293498	 0.148433487659655	-0.378582523034366
-0.8720054460569917	 0.09443269029829175	-0.4803009151042438
-0.8140913776553692	 0.15794792786048803	-0.5588449524794521
-0.7956147471736378	 0.2786829531809569	-0.5378968169511409
-0.7185795116297967	 0.3407922477586358	-0.6062211884564078
-0.666035038488407	 0.281338526800708	-0.690829907316811
-0.19086104519214195	-0.03685072813110999	-0.9809251170524538
-0.10905957851747497	 0.060740239219907385	-0.9921777218185758
-0.26998408323818807	 0.18662335649435705	-0.9446059059781572
-0.15341244242162996	 0.17441407554955096	-0.9726481135335768
-0.08434277235949053	 0.27066358393882806	-0.9589721169461102
-0.320047553252704	 0.275197406087542	-0.906551681560211
-0.135630716971314	 0.377593782144072	-0.915984303522709
-0.17445874181198703	 0.6477132622023501	-0.7416412052822902
-0.189910665716846	 0.473731623729242	-0.859949002979735
-0.241303863907611	 0.563351195335284	-0.790194834188103
-0.305059050447566	 0.472369534255043	-0.826925630784113
-0.357632835114282	 0.551892244468711	-0.753335055432448
-0.290988047437598	 0.640509163869714	-0.710685561445689
-0.468346990640734	 0.531978165703279	-0.705443355325389
-0.44841257268136914	 0.6834518187024421	-0.5760379988972951
-0.365603825401751	 0.374926393866385	-0.85191786108401
-0.4227140834838348	 0.2692263020254319	-0.8653496414294817
-0.569369238417191	 0.325405089467551	-0.754937214669434
-0.525149901336804	 0.432718990379988	-0.732783635523112
-0.5760454690110338	 0.4976086004920108	-0.6485038923154127
-0.6747344877447616	 0.4508586924009498	-0.5843456259221248
-0.5892642535708837	-0.5030361946354288	 0.6322358945443197
-0.490450677565465	-0.532170914145091	 0.690110318002531
-0.44012869012922423	-0.45559190277589123	 0.7737717714224114
-0.4852154830975159	-0.35208496670956896	 0.8003762310186168
-0.258362982103137	-0.42693393821039	 0.866588703989927
-0.146993849476608	-0.467311567178784	 0.871787076869666
-0.388596517730087	-0.641073410385042	 0.661829002768345
-0.392825933178423	-0.556788005817997	 0.731898150564489
 0.569860045889377	 0.765990816032323	 0.297519071410713
 0.852288212678477	-0.0278383072135141	-0.522331150881137
 0.836402520888503	 0.0859475923577372	-0.541335232937286
 0.764697846014859	 0.114499638556781	-0.63413487293367
 0.7112368453599738	 0.020743569454776394	-0.7026463222195558
 0.6482572142266121	 0.24510888761128005	-0.7208912660152801
 0.733619826958673	 0.225645901785742	-0.641003803811199
 0.8800804324484888	 0.10188164806300798	 0.46376563284621086
 0.8300500083162178	 0.04922977485347919	 0.5555118477243509
 0.9252662161382872	-0.08235349788308981	 0.37027061814240203
 0.908308057550613	-0.202082054081592	 0.366250346084201
 0.8754624653637663	-0.13878393032096803	 0.4629303321493001
 0.9283679024790967	 0.03802072488330519	 0.36971267509501293
 0.6939098531461161	 0.06275008925754301	 0.7173224811790762
 0.7689194216566803	-0.0030783591122246707	 0.6393382881576332
 0.6173864236438128	 0.005798058617882538	 0.7866386631844167
 0.614215671882161	-0.112193051477665	 0.781122159213574
 0.6884341802440278	-0.17484712033354194	 0.7039082781036188
 0.7643261112145642	-0.12330069365767303	 0.6329316982575282
 0.929026404678668	 0.10231190908214	-0.355587137942018
 0.9051201074221972	 0.22257984927667104	-0.3622372176295591
 0.846205835279361	 0.268689610031077	-0.460153863181118
 0.896881071703596	 0.0356689451927742	-0.440831112296585
 0.0446834977586313	-0.760817923596417	-0.647425263766013
 0.005503139614557437	-0.8303908860898065	-0.5571541005443367
-0.143232825272849	-0.700388146878229	-0.699243020327581
-0.027240897495292404	-0.7054355819520032	-0.7082503605503422
-0.07190190577694011	-0.6271184502963552	-0.7755981983240692
-0.119572923547441	-0.541747089453432	-0.831993033037569
-0.027724416938152613	-0.9609726220990085	 0.2752507516458331
-0.0468021446068542	-0.921565947329206	 0.385390404633305
-0.23255955267647005	-0.9491656963884813	 0.21213329596810004
-0.120827270669564	-0.974860599753514	 0.187209993618832
-0.1796263766573369	-0.9835704676413806	-0.017986105544907392
-0.09593790171445203	-0.9928586389301722	 0.07090586799662131
 0.952071441259742	-0.143226066102309	 0.270270724878694
 0.982205441056378	-0.0795209369727143	 0.170143739650414
 0.9851622704858378	 0.04068590334903909	 0.16673319429514197
 0.958915546404615	 0.0952783556576201	 0.267213416217672
 0.07568194983157692	-0.21942643891091906	 0.9726892002981032
 0.11244451997431397	-0.33596231360951095	 0.9351393231823217
-0.036100482272549694	-0.18857464848991895	 0.9813951075517918
-0.11331983971367997	-0.27297244410926597	 0.9553243735424528
-0.18045053517848508	-0.03868414670312231	 0.9828230467116904
-0.06530812284058492	-0.07164923405203731	 0.9952895238827723
 0.023711313508128412	 0.013864616572107507	 0.9996227018325604
 4.855984531253349E-4	 0.12828064214848098	 0.9917377884522278
 0.162805054015303	 0.429707856462841	-0.888169844388552
-0.12498587952236997	 0.5622509641666878	-0.8174670532893967
 0.10906613087763002	 0.5332675822179002	-0.8388863241529563
 0.058523494112308616	 0.6298337439828271	-0.7745220820463812
-0.10271004992196205	 0.7236329618533643	-0.6824998037833824
 0.014667395560867593	 0.7151940355091297	-0.6987720365610138
 0.6266607429308979	-0.7601103854338658	 0.17183863135184396
 0.7098737920551121	-0.6764279123881131	 0.19627653628377106
 0.5572037770214588	-0.7918502751098567	 0.24999418529530795
 0.5479940218587811	-0.7550130888460003	 0.36008025171933505
 0.6276349475411949	-0.6711219830083709	 0.3945499417664049
 0.7134887701437498	-0.6283337480952398	 0.3100491507541139
 0.17459932889457896	-0.48071907843864886	-0.8593161478609948
 0.13383487482366307	-0.5701313058024283	-0.8105791265662795
-0.0494802692254762	-0.467256698555877	-0.882736019777168
 0.06336998272258888	-0.47815353927278287	-0.8759871221488648
 0.12675637150585398	 0.8863701188407838	-0.44528736194601887
 0.31624114314954177	 0.7154152543231165	-0.6230349534827575
 0.284347444866241	 0.788178731138385	-0.545821232986704
 0.08637368255967072	 0.7766220451411793	-0.6240174564559982
 0.20106672656851796	 0.7518161628816618	-0.6279686526387409
 0.0495301395233358	 0.844852800893495	-0.532701145203589
-0.02026992908621211	 0.9446140982949375	-0.3275566138506172
-0.06696520401744512	 0.8528464072077142	-0.5178500431242581
-0.21743302632593306	 0.8937835801921782	-0.3922674990890761
-0.029263770465797614	 0.7901013211938483	-0.6122773342088212
-0.145700840359714	 0.79209388986255	-0.592755037735562
 0.06083955692428091	 0.9705339624774733	-0.23315740603942206
 0.17573384789437302	 0.9530109529721013	-0.24675440871328905
 0.20864988907386	 0.912116222817942	-0.352858640055471
 0.321408897051938	 0.87462709103644	-0.36293769785046
 0.34994064169562694	 0.8142166031686058	-0.4632416976203999
 0.506513003017279	-0.859985902473191	 0.0621998820078413
 0.5622283210673898	-0.8260347017058518	-0.03957254815485899
 0.35763145080445197	-0.9332304060421318	-0.034362110440725596
 0.399948213791379	-0.905600353111702	-0.141171621542881
 0.413510274725112	-0.904562984505026	 0.103802985314117
 0.3187364787684389	-0.9454914756056598	 0.06673025295417909
 0.85880184856613	 0.385057778163825	 0.337919949655146
 0.894878525856645	 0.271256792476681	 0.354418081502483
 0.869650773944269	 0.431595148602375	 0.239652162687984
 0.9114750642730592	 0.38652337416169713	 0.14075826240430503
 0.9508153702838992	 0.27259164201086705	 0.14711875590050102
 0.9429175297830797	 0.21012092821747094	 0.25837129785021296
 0.9928883986485763	 0.10532410094830102	 0.055492896739115616
 0.9739860975894038	 0.22192850870220596	 0.045812866399945994
 0.9592364463581782	 0.23153988780180806	-0.16203308407501302
 0.9808964285234716	 0.11286671630857795	-0.1584402122556549
 0.9840218132240697	 0.16892284354951612	-0.056268499414504236
 0.389238867218958	 0.640911209934848	-0.66160858914161
 0.390988941940885	 0.557251830614764	-0.732528528151936
 0.28856400258011505	 0.5831436880385111	-0.7593907133457632
 0.17404028418886408	 0.6078727920374802	-0.7747261762584363
 0.339293876549867	 0.481050850813081	-0.808374754843182
 0.27927661203664705	 0.4040808318684531	-0.8710472175983522
 0.5068806495400727	 0.3641876952923108	-0.7813061690013137
 0.6043082611818293	 0.35184789345268824	-0.7148528417375845
 0.4823975504735159	 0.7107979435863628	 0.5119168747858869
 0.42609622346911014	 0.7935896401735443	 0.4343472013891501
 0.5821022637120972	 0.6576502540938564	 0.4781768479041392
 0.6266409348478887	 0.6847193189746208	 0.37212980664802386
 0.7545668718762345	 0.5415858983625583	 0.3705584306985002
 0.719534469276744	 0.502412633120461	 0.479428507291337
 0.7333579039893791	 0.6149993785185122	 0.28976188341144604
 0.6636604636724052	 0.6974539018215031	 0.27039386788921305
 0.7019296331558779	-0.5010214704655439	-0.5062334206966179
 0.6220206765233189	-0.5871512765739029	-0.5180189730068859
 0.768677175486341	-0.496271645568818	-0.40354659420042
 0.6927701565967906	-0.5861418884777188	-0.4201275957380468
 0.5394740256884103	-0.3721716718837442	-0.7552853912626666
 0.5216035800573992	-0.26009877720861607	-0.8125751235214422
 0.59117362455349	-0.169112026002824	-0.788615792571712
 0.389900387558767	-0.123549081208898	-0.912531266485681
 0.35395677898298505	-0.011179512219170401	-0.9351949620900082
 0.9562490553776313	-0.17320734379296202	-0.23576887017919607
 0.9279484007261232	-0.15308946925628403	-0.3398166858655701
 0.964298571039958	 0.0510621838718461	-0.259847877167648
 0.9661122471438006	-0.062116658983524344	-0.2505367170605552
 0.997562777723336	 0.051735378093584	-0.0468183207133271
 0.9971554293632345	-0.06632775274477468	-0.03580054339324529
 0.9271959735981274	-0.2769856368804141	-0.2521638029245511
 0.8821688700361254	-0.3844088584980442	-0.2720439564618491
 0.34390237138019203	-0.31975517102028905	-0.8828860569546142
 0.26017986931840004	-0.3999328488295541	-0.8788402312300783
 0.109503975104652	-0.280781416479856	-0.953504418236143
-0.00834371948736156	-0.271204764491072	-0.962485510572735
 0.31204995660929397	-0.21214417609529296	-0.9260775740341558
 0.19522419136546695	-0.19148521942568195	-0.9618840501054158
 0.16043214432794803	-0.08250973308893651	-0.9835922280152122
 0.240209160524321	 0.00947170471335829	-0.970674943536725
-0.125753653016803	-0.256988759130549	-0.958197681292055
-0.09016202881651729	-0.36358485716702493	-0.9271876078758408
-0.159046013298021	-0.147897262542199	-0.976130506329215
-0.04188948252751262	-0.16305804328103207	-0.9857268109242734
 0.04204431703928372	-0.06589037777150483	-0.9969406870630915
 0.0060621658483511805	 0.04576451234677861	-0.9989338614517422
 0.6750445905944614	-0.5264472028374954	 0.5168831041287123
 0.606491518841261	-0.620970707130946	 0.49655152648936
 0.7787901635462526	-0.5340178205620958	 0.3291061355941428
 0.7619366016082508	-0.48179697366712687	 0.4328097634005819
 0.6983310128387761	-0.3617521143839851	 0.6176319326640141
 0.6417541917044703	-0.4656334430038732	 0.6093743136907732
 0.8135943398783252	-0.19320315925108206	 0.5483947386448501
 0.781560187757931	-0.312609892200414	 0.539850653616566
 0.8132445002289544	-0.3737979030384258	 0.4459916036557567
 0.8777590383483688	-0.31877324691088693	 0.3576628127882989
 0.841640599365524	-0.484916061514497	 0.237692058733375
 0.8912626260566322	-0.3762873895458431	 0.2530982652319271
 0.36778392296955503	 0.9150239731335952	-0.16572903968808303
 0.441690430695502	 0.893848418081361	-0.0771010306381866
 0.51126106129773	 0.810509155021259	-0.285809441459591
 0.5853152890779653	 0.7856010557361863	-0.2005916089914221
 0.5513940850428612	 0.8287554389877564	-0.09554572375547404
 0.40214293677168306	 0.8750502483113162	-0.26938470879942306
 0.5302730914773114	 0.7527606315706485	-0.3900793252819913
 0.4457498198998113	 0.7620662838431056	-0.4696403699522063
 0.36863319228794705	-0.8604216041234042	 0.35182983486524505
 0.3454941889444232	-0.8157631308020423	 0.4638580384446142
 0.426616400147392	-0.740932501719413	 0.51866894549519
 0.46542439055291723	-0.8323335483408143	 0.30100000163593815
 0.28962262897711616	-0.9127406553939286	 0.2881375171258432
 0.307373183709754	-0.934766027593813	 0.178140954282312
 0.39667637763068814	-0.6812126842801681	 0.6153024705017881
 0.23561215119834483	-0.8284458141843164	 0.5080988557044517
 0.08444060813523284	-0.9651665493194005	 0.2476354493456731
 0.10157295203664701	-0.9860092871692042	 0.13216891098378103
 0.06527752611179452	-0.9309398946792302	 0.35929063038068204
 0.17748871866483992	-0.9279193417133246	 0.32781618328115486
 0.151874330438386	-0.886022874464061	 0.438061244211737
 0.32776235023260886	-0.9153487605450925	-0.2338984573240269
 0.20831570831654603	-0.9537672523011282	-0.21663931800698502
 0.2402211275683801	-0.9705217565124095	-0.01952767282201741
 0.16511993728227298	-0.9804116768280138	-0.10737015530947497
 0.04981291273719622	-0.9957930318134754	-0.07690846192951283
-0.0305347950410175	-0.986028493198432	-0.163754196564952
-0.14685594649406206	-0.9799935546027374	-0.13433526683795605
 0.016815454473004504	-0.9989549588193892	 0.04249977342314651
 0.04780413931749022	-0.9227628364227363	-0.3823918304320591
 0.12896305433733393	-0.9448507616603016	-0.30104080920355986
 0.21363139441291004	 0.9760959961306123	-0.039977914640256906
 0.16891973633848	 0.982979123062428	 0.0722368763081461
 0.09696344370170043	 0.9950173072644483	-0.023208809312714504
 0.254219935948424	 0.955221329211993	-0.151408178064637
 0.2854830005856411	 0.9568435722653722	 0.05431237972194131
 0.399064532448545	 0.916324611570588	 0.03311653924605
-2.29028576586351E-4	 0.979845779737188	 0.199755339045377
 0.12098968517493897	 0.9756360247415368	 0.18301869660720693
 0.18988650694271203	 0.9423357735703433	 0.2755837519351931
 0.13896408658456502	 0.9140804190220613	 0.3809802753426621
 0.20536650835864	 0.858841799366573	 0.469271095322701
 0.3182856646626322	 0.8319284992632086	 0.45452085516941026
 0.3051411735978599	 0.9166953173717346	 0.2579894557613849
 0.23906964730856695	 0.9567112525848338	 0.16597976657808597
 0.13801305997704597	-0.015500680514841497	 0.9903091053703128
 0.0940432481379606	 0.212219933243573	 0.972686263609061
 0.297956621163666	 0.260098086323513	 0.918461124596778
 0.15870812514352003	 0.4029433658404291	 0.9013591819794232
 0.19881640312046192	 0.5792476784210068	 0.7905341010317747
 0.2641315263534811	 0.6463784461052201	 0.7158417710617211
 0.21410627352738187	 0.7341818749151826	 0.6443100792182636
 0.025782062962153282	 0.6862596920038075	 0.7268995256294055
 0.3747948925768938	 0.6106580607062906	 0.6975854939666586
 0.535075917135898	 0.616375472969643	 0.577732671070822
 0.377723120658229	 0.75481374581443	 0.536266214906177
 0.15378518087705398	 0.8109967749691238	 0.5644770581097979
 0.645464142755449	-0.726893104694458	-0.234526021508542
 0.731492856196079	-0.645146717921285	-0.220689632038971
 0.823863708524685	-0.483871303361726	-0.295156147757382
 0.673112988326622	-0.662162593165653	-0.329332059110775
 0.548119634717125	-0.80114541514962	-0.240272532392508
 0.5815097608148898	-0.7405320005439098	-0.3368363909191589
 0.698976452984813	-0.704270240645381	-0.124239069193497
 0.608441720886577	-0.781525252555219	-0.137901964826764
 0.7415889396456559	-0.6707297944194459	-0.012937831088702697
 0.5977068143404529	-0.7982607231223218	 0.07433963956877508
 0.7691329995978862	-0.6306589786991011	 0.10345859807558203
 0.7383538094159792	 0.6612562647980282	-0.13256622641635402
 0.7099637527384869	 0.7038535401295228	-0.023273672778977697
 0.6518036520254201	 0.7498897840924631	-0.11321356332208703
 0.71592223063158	 0.676402324269474	 0.173018078276104
 0.758108293322985	 0.648207425593763	 0.071406925434564
 0.8274806642778212	 0.5584243507493881	 0.058634415972706515
 0.8530015902874096	 0.4994546797474508	 0.15143747833849294
 0.913495779044555	 0.402578257233793	-0.0587895268766756
 0.8574409059704194	 0.5120436371172786	-0.051052976958596466
 0.5108681986320531	-0.21018588435198204	 0.8335679802185402
 0.5995121761830539	-0.21959446474040095	 0.7696514936408788
 0.45211603346022	-0.129441611888616	 0.882516833493772
 0.44240637190801013	-0.009786557562837682	 0.8967612978860432
 0.4268339220023281	 0.10658067810157003	 0.8980274840357172
 0.3202340259898959	 0.14586042573869398	 0.9360421490518628
 0.22957725160677206	 0.06905311286851522	 0.9708377584065472
 0.35838679944806406	-0.09292219305077862	 0.9289372250157742
 0.162424258155527	-0.131569497069195	 0.977909928267213
 0.275475010702197	-0.160518042930494	 0.947811941459058
 0.2282273889896201	-0.35474751678139216	 0.9066788065530245
 0.29890239379397604	-0.2628166645661801	 0.9173792889587922
 0.8124397045422818	 0.5638315545418199	-0.14844428108285196
 0.9233649097188152	 0.3479259791165011	-0.16231067911812902
 0.9202440389474152	 0.28864469079048605	-0.2642634126401401
 0.7554730498468383	 0.6091278900704101	-0.24129584433530404
 0.8042813236536088	 0.37841364225275687	-0.4581862806534059
 0.6754071496304098	 0.4573764847813029	 0.5784737966383819
 0.7130438278241656	 0.3477604919038028	 0.6087948257604417
 0.7928828550703355	 0.28330324429733617	 0.5395146429024124
 0.7984126298353817	 0.4457656484059409	 0.4047595078816319
 0.654273434617616	 0.295265630772906	 0.696235937048603
 0.6060789765610491	 0.12283648221061302	 0.7858622479855062
 0.7607343757054529	 0.11593217409728097	 0.6386258220813757
 0.86245197921006	 0.218713091066463	 0.456444046245324
 0.403872765708916	-0.80725765166185	-0.430374108133873
 0.4428423135565	-0.863282251688845	-0.242145491890649
 0.2505815985978221	-0.9134494000218204	-0.32065410654463217
 0.0878240083560837	-0.871998762589288	-0.48156526203519
 0.14681103826154995	-0.7298364038561147	-0.6676715829290176
 0.20881572408761895	-0.8409620748521848	-0.4991781065251879
 0.5103192745070998	-0.7427554295092578	-0.4334611978032928
 0.4321638352344721	-0.7355827711912561	-0.5216822847692111
 0.582538180593779	 0.515674634526528	 0.628274573300895
 0.5236704776023611	 0.4614938500724291	 0.7160954246698141
 0.621577082814708	 0.40698796584944	 0.669330057425552
 0.5579936101104752	 0.35133030168488216	 0.7518045957520403
 0.486378272114682	 0.288428099001031	 0.824769912230913
 0.5101850998137223	 0.1733819037810901	 0.8424071933271385
 0.23649331181359695	 0.4788909773375649	 0.8454196267488168
 0.348211249458826	 0.443545247469957	 0.825842926467944
 0.310720248976156	 0.548017889467784	 0.776614009466396
 0.4191749204899062	 0.5080748480206402	 0.7524309502147584
 0.4063257522958872	 0.22120690723086311	 0.8865477354404204
 0.3809336071237389	 0.33392333855985895	 0.8621976518923807
 0.4502558525566498	-0.6522827939633038	-0.6097514443918198
 0.531382882930529	-0.665626960055786	-0.523997120006716
 0.3225491320328989	-0.7945047773226708	-0.5145135724509868
 0.34938122239007596	-0.7176577283206899	-0.6024119408036359
 0.26208448271513995	-0.6891447181794599	-0.6755673773394409
 0.16846850395917312	-0.6498266080781254	-0.7411772680050545
 0.27180761413459287	-0.5073168583835508	-0.8177714999303317
 0.371114654461421	-0.534104977605464	-0.759608969234202
 0.459693456119821	-0.45630568841667	-0.761883879025671
 0.4613241911098062	-0.5594903947722812	-0.6885858616428602
 0.62877348253472	-0.494080780581368	-0.600439913664362
 0.4458740340830323	-0.3473442591393362	-0.8249535207352405
 0.6859303605444171	 0.5822204935470191	-0.4364846359005911
 0.6885076058858981	 0.6454243744127302	-0.33073350835862503
 0.7512449241812048	 0.4834265708615169	-0.4493660139319069
 0.728454319996468	 0.41197552112554	-0.547385123721702
 0.5800912932434128	 0.5390565006429968	-0.6106653589468718
 0.4879087100392628	 0.5527499809504458	-0.6755831179263617
 0.600296695896262	 0.606796401627902	-0.521000963403582
 0.525196573439648	 0.688456138277341	-0.500196666237894
 0.6427996466845343	 0.43836519148750014	-0.6282074284138682
 0.693181527472098	 0.333770442922561	-0.638824437073854
 0.8484235507516088	-0.5222156396990889	-0.08641935074798748
 0.9053714066805768	-0.41964997814480487	-0.06478048941076829
 0.870574580804751	-0.457754297227839	-0.180446398207555
 0.9605355297001718	-0.24148809348526995	-0.13803983804851497
 0.9498495442040922	-0.30949786864122003	-0.044686828952396104
 0.876669565374672	-0.480145792139904	 0.0301743506330758
 0.8355306405066957	-0.5350426093450098	 0.12497181666181595
 0.9347041398314683	-0.31825060217274903	 0.15825525330489904
 0.9283501814461765	-0.2616411424297659	 0.26402623581170487
 0.9647487876127627	-0.25579652280690596	 0.06187015208968199
 0.988627054839982	-0.134330571453306	 0.0676154125288868
 0.39329832210540216	-0.4361751564337042	 0.8093625039122513
 0.3214730483594831	-0.5322725804613021	 0.7831608897713981
 0.20407433495330005	-0.5338664755993611	 0.8205731241300103
 0.349994502978425	-0.350482591452903	 0.868715028633293
 0.495250857861926	-0.419572213949986	 0.760713970601391
 0.55028748981896	-0.320746978731175	 0.770911832950806
 0.5767995096187659	-0.5630021840548138	 0.5918875454451299
 0.5392414012896669	-0.4966742062023049	 0.6800981135310309
 0.471429780232711	-0.592757398948905	 0.652987464122449
 0.3606269934059838	-0.6120416123791917	 0.7038133533425177