 0.9682565905719066	-0.03631605052941348	 0.2473061246471919
-0.2707290260293586	 0.8093714733997776	-0.5211752224654088
 0.35739400451774844	-0.6770613207290405	-0.6433175681632012
-0.7357588094993425	-0.5058930252988367	 0.45025683914639314
 0.718814772952361	 0.430526556365907	 0.5458499852973888
 0.9428208032534835	 0.11293833285907093	 0.31358231124135527
-0.7105355089503734	-0.23363452970173607	-0.6637425683589101
 0.04707203909591768	-0.8884267047471757	 0.4565985254328222
-0.20990616499900197	 0.8981727334017072	-0.38629670315590053
-0.06589061699569093	-0.3036424087828704	 0.9505049785142967
-0.8529491253936302	 0.3775646059851797	 0.3604479959682079
 0.17938311684266536	 0.7583686709497245	 0.6266567292495623
-0.6910546831531964	 0.37341741544484847	-0.6188722475071289
-0.2277193168036075	 0.3790651672897951	 0.8969133245203006
 0.31565692276464724	-0.5693586381173036	-0.7590727556117154
 0.7057867620732429	 0.2952246332349278	 0.6439778431075638
-0.492343184657528	 0.28471143901342066	 0.8225190484214885
 0.5207168453550824	 0.5150627912449633	-0.6808555559282737
-0.8211395974111647	 0.2794496041765055	 0.4976320732117503
-0.7715426432047897	 0.5306690289663836	 0.3508736687362597
-0.6416565056315529	-0.7658372645507743	-0.04207389934499048
 0.8707354777955786	 0.23839252539881597	-0.43010316383639946
 0.38991305532019593	-0.25271345386379823	 0.8854963125429149
-0.1539695257941414	 0.0306857474450081	 0.9875989925219996
-0.6523882865291964	 0.7309480838143235	 0.20026088576571316
-0.20524067183927353	-0.923576493372442	 0.3238560289894686
-0.12675857196235152	 0.920661201737471	 0.36920890570161136
 0.8100502871551424	 0.2791710866563045	 0.5156375050895828
 0.42964564128946603	-0.6735643721952889	 0.6014280168317153
 0.22791592171374153	 0.59977580004997	-0.7670223740568421
 0.7681361098662172	 0.6146640360453893	 0.17931826318584293
 0.01939710511519251	-0.6425082756028384	-0.7660332029977666
-0.44706958636638566	-0.841561939802693	-0.30315389890568356
 0.3878381614731857	 0.16908897037192672	 0.9060852501854675
-0.18221947803591673	 0.32626472250327454	-0.927549132215744
-0.5100631980610671	-0.1452414802366306	-0.847785613467455
-0.1932970000298747	 0.6322493522807837	-0.7502646375246405
-0.4052785508956965	-0.03514090938622659	 0.9135176039198114
-0.10135780465770555	-0.7262693240841211	-0.6798966570953003
-0.8408885424686603	-0.33909017702287425	-0.42181075257931483
-0.6484776670411416	-0.10427142064618854	-0.7540584766351374
-0.650070605306977	 0.6455280946032249	-0.400876149444876
 0.054695925141672694	-0.18225673208895624	 0.9817284957569232
 0.12529816112245845	 0.35078116522694897	-0.9280371463154664
 0.3851986177323709	-0.33643459651081953	-0.8593217017902394
 0.6034539737045644	 0.44222160916122877	 0.6635385068035045
 0.9114551132100935	-0.020917421888207135	 0.41086742151784966
 0.5836151874196596	 0.06650191565447806	-0.8093026678736458
 0.6708782871177214	-0.2973020878198205	 0.679362784123452
-0.1605072813415956	 0.7652188573244658	-0.6234400637040973
-0.31404977372867315	 0.2274231828576923	-0.9217653907149292
-0.5496722446581116	-0.8174653207325214	-0.17207810102447477
 0.47530027975637024	 0.5720617048951702	 0.6684572161746386
 0.7214471705047368	-0.006868734833989213	 0.6924354126216319
 0.17511270760131456	-0.9651722683182767	-0.1943657174140781
-0.39701461638671753	 0.5599433070060996	 0.7272158464406426
-0.537915667987613	-0.5418249042972527	 0.6458115105947811
 0.18621948321454096	 0.36538806806818763	 0.9120383017092576
 0.13461245831274218	 0.7264804026326365	-0.6738736607537965
-0.7197519706431	-0.6893357529180875	 0.08230018532316619
-0.2634756779870176	 0.6622931674415052	 0.7013902818471183
-0.4199788324990775	 0.7283979802997718	-0.5413447723474617
 0.4379238845553278	-0.8971675269197599	-0.05755953419420674
-0.5885138091362592	-0.26835999934111454	-0.7626495966101128
 0.5803858540562188	-0.7857274200384532	 0.21397355399943718
-0.8771930418659013	-0.273981471437196	 0.3942924303244438
-0.2550404263607925	-0.670002699295712	-0.6971734101772422
 0.8421813105916852	-0.478712357641497	-0.2481231926511324
-0.22396295088683263	-0.2607848869275103	 0.9390590180495942
-0.9161566932185528	 0.34217462155904516	-0.20874252521173306
 0.9634895938691248	-0.2653331701819588	 0.035862394051436625
 0.6778181757047056	-0.44548216506538585	 0.5849001293323514
-0.918001169673487	-0.3964148057494174	 0.011364605613975976
 0.08092580945588622	 0.8844689098202344	-0.45952775860149697
-0.9476132361163828	-0.18163952891342208	 0.2627474762450568
 0.583974611393864	 0.30136127549909514	 0.7537605952004549
-0.032098597211306035	-0.8046016073165331	 0.5929468218657705
-0.31650002051330367	 0.9109847355123971	-0.2644514108082735
-0.18606700735440862	-0.41992665214502556	 0.8882796156573927
 0.17415054775226077	-0.6099113208620213	 0.7730975148077585
-0.21394458605176486	-0.7939275323682313	-0.5691280940586487
 0.23068798750464947	-0.8552178340840465	 0.46409644330208666
-0.9436561397328879	-0.07172729065894087	-0.323060808082863
-0.18731032785310028	-0.9817691749996365	 0.03231297108124672
-0.3396749190557843	 0.26183730137221933	 0.9033615981292098
-0.03538812199137356	-0.9439043770012008	 0.32831723667803187
 0.6509418632175299	 0.6394653881119639	-0.40909498666899624
-0.08344727649359418	-0.695918362420654	 0.7132560444129141
-0.2559251946282709	 0.5295151326502509	 0.8087743931708453
 0.8122364844831163	 0.5833273146579658	 0.0010664185083874332
 0.3822241117245059	-0.7857766307923004	 0.4862713387781696
-0.8338968003267255	 0.12628462982796454	 0.5372786229453611
 0.44694439805858455	 0.11555890136264811	-0.8870664266896294
-0.7197805514365337	 0.3368068226448922	 0.6070231642973534
-0.29831829766263046	-0.9097516463039004	-0.28871808971211593
-0.1257345191896722	-0.003918812008294618	-0.9920561846975129
 0.5571112309339609	 0.3703271861965899	-0.7432932473330854
 0.26622401429996123	-0.3643337819833154	 0.8924044315867936
-0.583274968522342	-0.8046573490541709	 0.11098135748122583
 0.25218041319648093	 0.8754939810906776	-0.4122078702233241
-0.7865774858936595	 0.09013126445008446	-0.6108782316090818
 0.6892649915055431	 0.6762948876947432	-0.2598826588343637
 0.34167913018483353	-0.10260524700643094	 0.934198873518313
-0.6291317495057035	-0.3900812429189537	-0.6723316634568814
-0.11590671638381869	-0.975330986638961	 0.18786990072651905
 0.44915797742594216	 0.8682708638217895	-0.21062482843387764
 0.5802482719592675	-0.8100021539114504	-0.08490261213352172
 0.8451349699277708	-0.44678301089013234	 0.2934822375973276
 0.1906941035041466	-0.13000985971385587	-0.9730021558382763
-0.025815247351295985	-0.45497330740540315	 0.8901308120454993
-0.4601413347804934	 0.28381706194554274	-0.8412596670321392
 0.8743939343271657	 0.1305075285964329	 0.4673361023840463
-0.9750991217216421	-0.2200412767949336	-0.027632215331704218
 0.007650427162332585	 0.963156514634064	 0.2688326603710868
 0.2855924737769013	 0.052093620624238876	 0.9569342681774168
-0.19096284762146126	-0.7812191633252629	 0.5943313971865182
-0.9069198620100428	-0.10615184968972852	 0.4077108640926
-0.9600159213802442	 0.13934639833053733	 0.24280035413637346
 0.028506393439571655	 0.8141805506670344	 0.5799115591610442
 0.451000348794888	-0.04753902237085845	-0.8912568242313282
 0.337172550846467	 0.545246359264622	 0.7674770867357289
 0.746167797552171	-0.5784997894937781	 0.32950206592948234
 0.9316133645613552	-0.0443978324735425	-0.36072894455854654
-0.7186626674937728	-0.2993552690748461	 0.6276228112711181
 0.8742990814058463	 0.43153978693350875	-0.22220379957659497
-0.14401892267303684	-0.5663712579902467	 0.8114691294403279
-0.49509249365873803	-0.6506068367391681	-0.5758421369707378
-0.8016746791338298	 0.25195031932444606	-0.5420689489612746
-0.8683452236635445	-0.037260562488567905	-0.4945586143459079
 0.2522857908426954	-0.9442425820380435	 0.21156045472867713
-0.5186398286017811	-0.14190706058712801	 0.8431341022301472
-0.44783685227196574	 0.5976236135789995	-0.6650474947249378
-0.3772908382437993	 0.41319454529973215	 0.828807511495787
-0.26100137753376534	-0.09226133771087815	 0.9609194172714361
 0.6960464830415266	-0.3283037378371321	-0.638542049647233
 0.03142112666188031	-0.07217969765997981	-0.9968965864346273
 0.8903760475061434	 0.38119593607490815	 0.24883760235806968
-0.5846402518516765	 0.3345437620183569	-0.7391050312434719
 0.15107115965723136	-0.9294672211987175	 0.3365533976012631
 0.06856622922389774	-0.2406809518121298	-0.9681794005476586
 0.5443224278423433	 0.7810429934021681	 0.306079951981828
-0.7025627732217715	-0.6199068948528499	-0.34945813969176853
 0.14329355854715767	 0.19935308669825652	-0.9693942969209021
 0.91181749031921	-0.39503799675125184	 0.1119546581019987
-0.5758879694916824	-0.7169398337336634	 0.3928744346489016
 0.6830439199879644	 0.6589262590696371	 0.31506695871825247
-0.6794398617761771	-0.7063163720282153	-0.1986923673281621
-0.579650758099219	 0.1759971833136019	-0.7956318181801677
 0.08153347045425798	-0.9943780335008017	-0.06756196923390495
 0.3164634905615571	 0.78429128205293	 0.5336085119611259
 0.5808207500008927	-0.09145436123608608	-0.8088778376116507
 0.32789328189032335	 0.396980039522174	 0.8572589129966316
 0.33427328441565385	-0.8778426375027559	 0.34300681495879454
-0.8931421470212362	 0.24685624906642686	-0.3759775226142529
 0.4111313886657836	 0.8732758917478999	 0.2614578324427372
-0.8525243881268787	 0.39274534279378304	-0.34489601818908444
-0.9247277743683189	 0.30419762767119424	 0.22878449823148636
 0.7543576830025734	-0.5268087903707344	-0.3916848024663617
-0.67650750459981	 0.5194797266925907	-0.5219946453513957
-0.41348317545602076	 0.8535229289678827	 0.3170650932236036
-0.0678355245477622	 0.5581463248325819	-0.826964945862406
-0.7686454648270435	-0.06872347030122532	-0.6359726676757226
 0.7322682728915113	-0.43324500844529357	-0.5254349999512029
-0.8379067624566656	-0.03404860714789932	 0.5447503554663157
-0.9220466450842191	-0.2627307504848931	-0.28425787067129965
 0.8047767745307368	 0.5701037809037324	-0.1652755946144888
 0.8536314043948919	-0.16563495846186216	 0.49384054710619096
 0.6280895072218815	-0.6971383959262666	 0.3456900748403491
-0.97222678349892	 0.21586630021667988	 0.09042578104781054
-0.9867125384226588	-0.11554111964392519	 0.11423053965967835
 0.6885265605922097	 0.28634593647151885	-0.6662861097346328
-0.3374703662024595	-0.831829361783706	-0.44065140963088983
 0.997947528108409	 0.05159043184318209	-0.037936242362022435
 0.48508275818263286	-0.7990280035971371	 0.3553153067087076
 0.3767828361171647	 0.5660888102134182	-0.7331972131416368
 0.1382788357171151	-0.4784465342016732	 0.8671608140957052
 0.18807959459809914	 0.642497286269348	 0.742848102395327
-0.24248693777575764	-0.6645749283282147	 0.7067816138282632
 0.11341501928661148	-0.9246661213964152	-0.36349635120854745
 0.22272853652902688	-0.21749019479157067	 0.9503104830449693
 0.5136733218887836	-0.8545990439537938	 0.07615899456403076
 0.016478884672379047	 0.9808158029156971	-0.1942390463083851
-0.33185912792046557	 0.5456414105647482	-0.7695095647831677
 0.5967037083228355	-0.4607677467279479	-0.6569914520364981
 0.6465737134207762	-0.6502049943649154	-0.3989685431411708
 0.5383964800174552	 0.1535174277432838	 0.8285901457801074
 0.25178477751543066	-0.8483723518453475	-0.4656917203858139
 0.19015856076832002	 0.5114655519946831	 0.8379992308405155
-0.735803380763496	 0.6320282181227418	-0.24317425100861656
-0.754343401815057	 0.441739822386565	 0.4856253303277883
 0.9078306763757884	-0.33014182351816573	-0.2585533588936318
 0.6246747869237287	-0.7406045115702583	-0.2475608370150121
-0.5502849827082492	 0.015127635741126398	-0.8348398603580605
-0.359166861791765	-0.208801806594471	-0.9096158370177712
 0.5146701353830204	-0.6712988811001194	-0.5333596009996925
 0.4383029767129539	 0.7920870584151324	 0.424839490273476
-0.8282364382848	-0.5589338545682216	 0.040216271766772164
-0.6794452253730358	-0.5060517713314141	-0.5312869191408
 0.45065374407720715	 0.01642341330281373	 0.8925477435099369
-0.9726088888188185	-0.1506735120894528	-0.1770012489934824
-0.610539769241681	-0.6369877894281197	-0.47062484666004684
-0.15667351607180915	 0.1659376559650171	-0.973610858451431
 0.7644430297167515	-0.1596761737978207	-0.6246041737282598
 0.4711563464251356	 0.4398742668375462	 0.7645405983971348
 0.9558869081296938	-0.2689026996047871	-0.11820134098863767
-0.29910781933475966	-0.523830809970764	 0.7975812152616049
-0.7050661833302969	-0.619662742340223	 0.3448184491575861
-0.40308252754957213	 0.6865069315041995	 0.6051716359686208
 0.7711590490051895	-0.45292789371105485	 0.44740367034243195
 0.5987932712419166	 0.0026814267754664703	 0.8008991373861334
-0.1446180766343033	 0.9597623784783835	-0.24071100674483298
-0.09813294094977358	 0.8627501125417872	-0.4960162993387233
-0.700716040491731	 0.21891517817490264	-0.6790236927841631
-0.8703598564337991	 0.11978484331717063	-0.4776246555822022
 0.9240419205280406	-0.1710489272714408	 0.3418900314225902
-0.37688140876136644	 0.8339236724066479	-0.403152219800236
 0.6355556576699546	 0.7499686038689881	 0.18334693674701127
-0.27341544725282524	 0.8600112236506525	 0.43084183687107863
 0.4440743058048024	-0.5375757373201888	 0.716805648393369
-0.2985310468855026	-0.5271232788817901	-0.7956257052825509
 0.710998802411921	 0.5519295251641632	 0.43572296499137564
 0.7748731224152169	-0.30988046124261653	 0.5509498560654641
 0.43700888970130114	-0.4640380497854333	-0.7705140613080126
-0.2817771690238787	-0.9442965666179877	 0.1700165324030846
 0.0708033997741943	 0.622444495169445	-0.7794547639303199
-0.3411042156255088	-0.37005524595791744	 0.8641221146467273
 0.18700846664586984	-0.6661672479707964	-0.7219757829274996
-0.5400916990498834	 0.02609972285069658	 0.8412013796259057
-0.038753553211793426	-0.9162467100777734	-0.3987356622941039
-0.11890722583287568	 0.7479804409978356	 0.6529826425942828
 0.4902117804914437	-0.21917142110855162	-0.8435972370963922
 0.07354138590668303	 0.26101830786756264	 0.9625284969895066
 0.8606099195155482	-0.5087275786130911	 0.023384122602802336
-0.4926763423775569	 0.8698203504431274	 0.026126224688375256
-0.9649881209134034	-0.02022104801482968	 0.26151297427317216
-0.18872399683736157	-0.8857455101379182	-0.4240732770268018
 0.1977994682209763	 0.810556485372037	-0.5512472715513701
 0.4821932775347903	-0.5750367136387444	-0.6609254277661054
 0.5949958685340262	 0.585973084521258	-0.5501049542079062
 0.8122448827043791	-0.5713961563829306	-0.11732298577586071
 0.13254412686301484	 0.9416413488216795	-0.30942466712175565
-0.04603469727903692	 0.7025145403883305	-0.7101789402604108
-0.6241328264523078	 0.7801294956308873	 0.04308346540554731
-0.39469310582981626	-0.6133173993256736	 0.6841484633431589
 0.5617388815834861	-0.5672962494234532	 0.6021830239282885
 0.1293300174412858	 0.1057970692732753	 0.9859415432579268
-0.36508704763251637	-0.8802077638161793	 0.3032255598868507
-0.9123733414224708	 0.05569889697418758	 0.40555211593265633
-0.5143020547541752	-0.8132878588592977	 0.27213278947545494
 0.009494678491517175	-0.015041469897845501	 0.999841790116644
-0.901419635739754	-0.34563496053837506	 0.26072804673921307
-0.3348086369791395	 0.3864466698248215	-0.859396385834544
 0.040349063635200993	 0.4327647060377176	 0.9006034989227227
 0.6319747082576724	-0.5607900882713595	-0.5349041456366092
 0.1584788667833489	 0.03805459890118947	-0.9866287530198657
-0.3099852694302255	 0.6898879597557152	-0.6541893729803071
-0.6676961882054602	 0.6568464658108006	 0.35033486924335616
-0.12249203067897575	 0.8467483100457801	 0.5176997217062771
 0.49689671255616696	-0.8385269214562553	-0.2235313379460899
 0.8184661636634212	-0.5474584569458338	 0.1743627737120765
-0.37528953672179427	-0.20731820688092745	 0.9034251074233094
 0.47358288095915607	 0.8796878072226819	-0.04322749918947186
 0.8942216523556568	 0.26187538794220655	 0.36302743374080987
 0.2638478049866474	-0.9630071904237969	-0.05478582842116479
 0.6625156286992439	-0.5808126245353619	 0.47300077897355575
 0.22814313474192605	 0.9732125457694522	 0.028426234838082935
 0.9869117906563045	 0.0871492463377146	 0.13568392066245452
 0.8632696725132761	 0.4883311389382516	 0.12766429125676107
 0.12185216695312664	 0.9809511114657513	 0.1512843888936813
 0.427278203147108	-0.8781847563291622	 0.2149996996892537
 0.42781457433130815	-0.39612517504982825	 0.8124404813163021
 0.3736528756025302	 0.9237191682671525	 0.08441816587559965
-0.26710437243438734	 0.7743711388557826	 0.573589220203475
-0.04004470774931973	 0.14876753249584723	 0.9880610520895806
 0.5106981838757744	 0.848925175376965	 0.13606399816694725
-0.9909820417522647	 0.12237047340374611	-0.054589927307663245
-0.20687731521038555	 0.9764087268577614	 0.06186901136553327
-0.8929599725752408	 0.44445392539171413	-0.0712965327510521
 0.6487553714735715	-0.7587655230377965	 0.058235290274602974
 0.8599010374039335	-0.10167460778963151	-0.5002324259806272
 0.8170582235506023	 0.4045504639540974	 0.41079773787456336
-0.3470878111282653	 0.9378222988205462	 0.004403089953169635
-0.8217973009041873	-0.46782374104420604	 0.3252539677574992
-0.8116183205697565	-0.2031920830106493	-0.547712222902978
-0.5223888654705809	 0.7458982351367984	-0.4132138623668969
 0.31017788992636786	-0.006830374653186739	-0.9506539973002393
-0.7909773431488192	-0.5667243476710875	-0.23060432862809732
-0.5209610731257439	 0.8334207262029103	 0.18441652155673957
 0.8368541011215122	 0.39398619401277807	-0.38006590528937434
 0.38793642477317763	-0.7677847480395468	-0.5099136309337637
-0.6163230887124979	 0.7419731905355544	-0.2638591193163057
-0.271908843026187	 0.9219886814918316	 0.27568542269244933
-0.6684432293261405	-0.45308936863790644	 0.5898251208581609
 0.2663013137842971	-0.44445693830499616	-0.8553020754501336
-0.437391288841201	-0.8877511394330201	 0.14348092166280418
-0.9578530459005059	 0.18982075606337767	-0.21560524814264465
-0.4036856660198316	-0.5918397225231077	-0.6976844744538149
 0.2993823275534332	 0.15645140666888868	-0.9412189858369916
 0.2635774914224385	-0.9107522815397318	-0.31789493183381784
-0.03503969556812558	 0.9340132304446866	-0.3555158295895891
 0.5770981851483598	 0.22078717433455022	-0.7862637651245505
-0.6794946685921511	 0.05612407928134868	-0.7315306439785442
 0.704229244942304	-0.7022861234860702	-0.10418911328397377
-0.5552672571307192	 0.6301143294517868	-0.5428021784942032
 0.3009325993050519	 0.8741316993614656	 0.3812261046242001
-0.24763500012165227	 0.9616470659712707	-0.11794840916093757
-0.7816146547202738	 0.3933714421276463	-0.48408412496685244
 0.0745388191559596	 0.9967720696042291	-0.029822905554913154
 0.3488148931341379	-0.933711140207607	 0.08069496254432665
-0.21141976884679836	-0.2835239270754907	-0.9353693730908973
-0.575027639122181	 0.4914343398740773	-0.6540913574097281
-0.11472385804071619	 0.6279864371016474	 0.7697216842551808
 0.9784565569282464	 0.20573723361078025	 0.017174309601978032
-0.743134753998981	-0.1332591719110859	 0.6557383094653276
 0.3453618183204987	-0.1756506221819756	-0.9218850651645486
 0.8885760964352357	 0.4556377806950414	-0.053167035343494574
-0.24571840740692988	-0.10715146799669478	-0.9634007614526551
 0.9735730264629898	 0.16465345728693695	-0.15825549326059263
-0.8592755373235808	 0.4632844434055847	 0.2168249880794399
-0.9216028427010583	 0.37994692897703247	 0.07930026157744006
-0.01931039240850333	 0.2626942310669593	-0.9646858813671778
 0.3535341893046332	-0.9160247728648412	-0.18950512523578866
-0.46921556604722064	-0.44965260494123976	-0.7600324252612803
 0.2980686963736991	 0.7004264100394536	-0.6485043533865651
-0.9519566632953729	-0.2820922282349464	 0.11917418334934374
 0.9429718048120164	 0.3151822877276905	-0.10707147534384656
-0.998026063770955	-0.04973092434910707	-0.03835115640026116
-0.6565018697146643	 0.5711888716094808	 0.49269520802483774
-0.7801231679868078	-0.591120725939163	 0.20490029315592542
 0.5649440934762776	-0.4257560996899759	 0.7068025996153708
-0.44704835686999184	-0.463790767944315	 0.7648829258059452
-0.7299459797664354	 0.18862949521447658	 0.6569610187506946
 0.4506352117044248	 0.6559096868813014	-0.6055661719642054
-0.6920684214455395	 0.7145195901740139	-0.10248441489045482
 0.951861394079811	 0.23754124786446706	 0.19373704349821952
 0.3604014734627819	 0.7783371752958659	-0.5141031214438486
-0.17098217177227523	-0.44747866701674455	-0.8777972086427218
 0.7813894914535149	 0.1403065679514213	 0.6080662214230541
 0.6996050654202388	-0.03800695397831335	-0.7135182015110993
-0.49947008406029747	-0.8661576805632166	-0.017335153017736787
-0.5253689340640366	 0.5828389462178821	 0.6199082560282986
 0.9901251882892206	-0.11692007407016923	-0.0773421475953553
-0.3412033888082741	-0.7408111806086399	 0.5786009351452718
-0.7925590144566694	-0.3653450046996888	 0.4882348166041183
-0.8234326582612309	-0.2003013415156801	 0.5308841963139059
-0.4186857366834681	 0.8979498048834474	-0.13560384141904142
 0.10063476960893931	 0.4917068224843019	-0.8649260337555733
 0.8090420729751578	-0.27467463114400814	-0.5196198333031206
 0.2662006572671151	-0.7475979554894298	 0.6084689860778286
 0.5428005319576096	-0.27934571811734865	 0.7920439080480569
 0.16704112244019365	-0.9830478443464318	 0.07559232196297422
 0.6562970439846085	 0.43885647000786865	-0.6137419561911159
-0.4621299331622717	 0.4455221857251252	-0.7667763082556357
 0.1717441216348055	-0.06266262118224478	 0.983146658739407
 0.7751349664486881	 0.5424177460628317	-0.32395797959721423
-0.8646705142933965	-0.422621276433681	-0.2715440266644794
 0.9192169401890291	 0.2817888595713067	-0.27501864571519724
 0.5359034916074	-0.695931317710928	 0.47800318901878536
-0.8374547654188172	 0.5008121492264213	-0.21876175868859454
 0.06001698563903362	-0.7581212330968014	-0.6493459458274837
-0.34741025092628913	-0.9376690188202351	 0.00910651942459418
-0.6177940050987225	-0.6017497367636915	 0.5061895115160999
 0.2859560442127288	 0.31258654245253203	-0.9058249247265054
 0.01743124762016972	 0.8057759323033371	-0.5919639334681568
-0.6527017100800705	-0.7212847703230613	 0.23179464566413183
-0.017140722298739166	-0.9980565493517127	 0.059910933353018905
-0.09358430938310916	 0.99328345331197	-0.0680437977624283
 0.7084542182298397	-0.6779584946408559	 0.19612470577836802
-0.9363154029535161	 0.08424960574163923	-0.34090390159746403
-0.6274525766601197	-0.22264956643400338	 0.7461437090864782
 0.4634725656733528	 0.6896468225633959	 0.5563995336054586
-0.4135470452913425	 0.781408633563471	 0.4673108052712556
-0.05405809181089855	-0.34627066257250083	-0.9365758650271563
-0.3712106870168777	 0.915138540876027	 0.15723891645440186
-0.9936075892265935	 0.050047870776884745	 0.10118878031687857
 0.31052382916857063	-0.6366301477953963	 0.7058873893451423
-0.5641488316198834	 0.8169654710835085	-0.11959730280914233
-0.12208955616993615	-0.8772863755799751	 0.4641796586408962
-0.6146613146298372	 0.3059066369514786	 0.7270574927518156
-0.7490731375268593	-0.3634530983429348	-0.5538874253317074
 0.14512428484391457	-0.5461327470617386	-0.8250320990939333
-0.40129604145822223	-0.04065649459860152	-0.9150456472531382
 0.6456510872492566	-0.2143539387455818	-0.7329304622391597
 0.43580491477269273	 0.27314349481866274	-0.8575935561198053
-0.45012231115829016	 0.14370421922255594	 0.8813279766211642
 0.6426690318876752	-0.14743528460663738	 0.7518240168453775
 0.24898408535289374	 0.22639592331177674	 0.9416750029329606
 0.7978949641514098	 0.18579712989888916	-0.5734483871310095
-0.20376942170576112	 0.47880562370743773	-0.8539456642455838
-0.6470516560857035	-0.0502049940105646	 0.7607914385251375
 0.22834512854853345	-0.29275251926224727	-0.9285227324808808
 0.710876756513755	 0.6954437726215614	-0.10493901167046282
-0.1068263445903021	 0.4893975913636004	 0.8654929980473445
 0.5576256312127441	 0.7668803630687381	-0.31772340825653594
-0.5591189943981589	-0.5239956956080871	-0.6425063899194999
-0.7758516287550311	-0.4863925664124132	-0.40184141336715395
 0.8573564673220555	-0.31378571744740585	 0.4080176607293637
-0.9015229144884547	 0.21369275402085344	 0.37628691384530755
-0.07859960457694529	 0.3242209337531239	 0.942710394700621
-0.47907172098830386	 0.8339210070044539	-0.27398182462707743
 0.9946306924260213	-0.07124525158171892	 0.07505930862452201
 0.5489955237994224	-0.34735489432875905	-0.7602292366346185
-0.9325612713607825	-0.3329787521982988	-0.1394798399139645
 0.933311383100622	 0.35166515128387577	 0.0725360844496917
 0.06650732887271472	-0.97690297431032	 0.20306982540463048
 0.582557493068105	 0.682845719166701	 0.44084973753640355
-0.766621695170984	 0.6079031904422397	 0.2067483676920158
 0.9158139136673831	-0.31559529201343717	 0.24836361889814795
 0.037997277974886744	 0.5784286308151279	 0.8148475476552873
 0.33442216023934374	 0.9376350562303014	-0.09488055685360539
 0.7749657534969804	 0.3452812023906943	-0.5293476855361644
-0.43793436791380824	 0.12327943016269749	-0.8905142736075005
 0.17144772771525688	 0.8560513683947134	 0.4876286818172346
 0.1816739850601281	 0.9719151828549321	-0.1495842253997279
-0.8642966570131746	-0.490786261426612	-0.11009148137226772
 0.033521827772938564	 0.7055164845369778	 0.7079002592945886
 0.5024838862576854	-0.13279283821541557	 0.8543278095497465
-0.03180151186956504	 0.9953628411322354	 0.09078258828638015
 0.1042383579359489	-0.40098069869190306	-0.9101367172086677
 0.2246674406279014	-0.7666984452286744	-0.6014133646716225
-0.30438583755723314	 0.0888834507221832	 0.9483928479708706
 0.26932561517228426	 0.9400260991947158	 0.20931948271682027
 0.7021827225017295	 0.12743993486652308	-0.7004987417699446
-0.617174604822161	 0.14603143236409336	 0.773156082511352
-0.9821103602108774	 0.022166410009368514	-0.18699703375657462
 0.40149801649424555	-0.8425801809523213	-0.3589679392613496
 0.512180895510224	 0.7208814367299312	-0.4669054341647086
-0.48625508412206053	-0.6797228429398969	 0.54912006879293
-0.8436366337113743	 0.5326668482307383	 0.06740370209470775
 0.26193964401400904	 0.4605051991555687	-0.8481288725450303
 0.9665850482348343	-0.18828915008922095	 0.17395557044125415
 0.6688765762890319	 0.1513078875510646	 0.7278118224216322
 0.3018513674098788	-0.5004115052287399	 0.8114641565882583
 0.8021340624525993	 0.5174015901362186	 0.29812168719803345
 0.002324825880497934	 0.10013050836038709	-0.9949715958157379
 0.09133588853058185	-0.7137614113309423	 0.6944079515394325
 0.8292851751285507	-0.013017015536767111	 0.5586740155211489
-0.24696898742353623	-0.9603804789978252	-0.12913425111449478
-0.7608997539147518	 0.5299438769210905	-0.374420955351479
-0.14090207143634229	-0.5946214508798507	-0.7915629705958264
-0.4591242835146637	-0.31130888696079023	-0.83204066558455
 0.8804744057049052	 0.07386130429045201	-0.4683047390611241
 0.7139432603729747	 0.698112622697378	 0.05407205376713049
 0.8962500293981986	-0.2180488795190779	-0.38625195267364415
-0.8015494064043701	 0.5919224818706356	-0.08453593643480307
-0.6299205134457971	 0.4645177992581948	 0.6224334188590028
-0.742190702643141	 0.0368631266606753	 0.6691741707529362
-0.9568223538886074	 0.28408877433663116	-0.061518707682910144
-0.32414626356679543	-0.3847306092660624	-0.8642404515581587
 0.15534715181017586	 0.9318763129746751	 0.3278319687602044
-0.7417419064881077	 0.6683686264180011	 0.05569850428424365
-0.3564621866968229	-0.7315270498137758	-0.581208125240927
 0.7650020140113852	-0.6428468055454758	 0.038985935393446046
-0.015795216468167485	-0.5045868813462192	-0.8632164214784265
-0.14318771191667204	 0.9683957248418156	 0.20422291561958164
 0.9400582224164966	 0.12130087910382861	-0.3187108959476831
-0.43510660092087283	-0.7907662937312144	 0.430547226833112
-0.5867850726861248	-0.3846243062743369	 0.7125639771246681
 0.015302010711926373	-0.593941734716503	 0.804362520403657
 0.4139106709845641	 0.4227537885531919	-0.8061992251974889
-0.06219976644580969	-0.8344969916608715	-0.5474906026253255
 0.601276213721253	 0.7990217245262389	 0.005585566054540458
 0.7398337491912674	-0.6219940987845074	-0.25645538527167083
 0.41176904656072943	 0.8336473868655735	-0.36807375166760936
 0.3317995397353103	 0.67360705155981	 0.660426078770619
-0.8737669802419225	-0.46042859056869195	 0.1566421949087789
 0.5282031739758866	-0.7551360928682338	-0.38829227168396946
-0.548106370709744	 0.76471545917295	 0.33880624682744154
-0.5846817309532197	-0.7429834993735303	-0.32576493541848545
 0.8347804878223978	-0.38232094812296097	-0.3961972107137554
-0.5426563386080869	 0.6851054730139547	 0.4859573942382097
-0.40234241582308716	-0.9030961692674847	-0.1501262451539924
-0.47859257310280096	-0.7550654195494086	-0.4481354272667089
 0.9052330035784929	-0.4149226145101561	-0.0916102243219435
-0.28355169509931016	 0.06299765950523786	-0.9568854325901142
-0.043238348603469916	 0.4147545534810655	-0.9089054436940991
 0.09868060629009813	-0.33570741546523747	 0.936783149476905
 0.7596731582829814	-0.15778461704411606	 0.6308729723237492
-0.0860212040810932	-0.9912307534292203	-0.10030925134093856
 0.09363945084197352	-0.8529467852180592	-0.5135303640800529
 0.6017795838306783	 0.5701823019206115	 0.5592436634071847
-0.14370647155199737	-0.9534112990299151	-0.2652458197901808
-0.19243559628422938	 0.20808789680774895	 0.9589932056510415
 0.5869562065029815	 0.793689011925882	-0.15981290309529583
-0.5128353667450032	 0.4406745835437648	 0.7367535531193912
 0.014062151728502968	-0.9722075801075409	-0.2336978328316378
 0.12552023681126528	-0.8086638926025965	 0.574723741419876
-0.105931176073763	-0.13974904651017686	 0.9845043371845174
 0.9566504307375618	-0.15959753806861732	-0.24361563827487293
 0.44501265768148274	 0.29754767516464786	 0.8446473320311718
 0.9794724342094991	 0.0018551339226130586	-0.2015696135379731
 0.7265575078564708	 0.4973030177224071	-0.4741348925586281
-0.8907752664596612	-0.18027814734595296	-0.41715610297972494
-0.7628673155372502	-0.6417559789437708	-0.07863028916971113
 0.800362127741854	 0.018014920763636286	-0.5992461323249507
-0.09213254746839751	-0.1790545306312625	-0.979515731755954
-0.2823614533465232	-0.8441580764939639	 0.4557073090856128
-0.48747329604635536	-0.30506979790607563	 0.8181089194277548
 0.02321651061970595	 0.9010826956503734	 0.4330253678874968
 0.29837674727452174	 0.918174666766588	-0.26062731628503855